2.397321462631225586e+00 1.544926047325134277e+00 1.054450035095214844e+00 6.255364418029785156e-01 9.437223434448242188e+00 7.773567199707031250e+00 6.096887817382812500e+02
4.097188472747802734e+00 4.998736381530761719e+00 3.176476955413818359e+00 9.003357887268066406e+00 4.256302833557128906e+00 9.352599382400512695e-01 7.297445068359375000e+02
9.655615806579589844e+00 7.376710891723632812e+00 8.233715057373046875e+00 9.721222877502441406e+00 3.484830379486083984e+00 3.478853702545166016e+00 6.335341186523437500e+02
7.663249492645263672e+00 7.857929229736328125e+00 9.034804344177246094e+00 9.607748031616210938e+00 4.220850467681884766e+00 5.965494632720947266e+00 3.585881652832031250e+02
8.525537490844726562e+00 3.965048074722290039e+00 6.366444110870361328e+00 2.441921234130859375e+00 9.153347015380859375e+00 5.085906028747558594e+00 5.006107177734375000e+02
3.870433330535888672e+00 8.187797546386718750e+00 5.831553936004638672e+00 5.405779361724853516e+00 3.536653280258178711e+00 4.947639942169189453e+00 6.768085382727451815e+02
2.995370149612426758e+00 2.946251153945922852e+00 7.245065569877624512e-01 7.620431423187255859e+00 5.189506053924560547e+00 6.699886918067932129e-01 9.777337613468538393e+02
3.523468255996704102e+00 2.641872644424438477e+00 8.352951049804687500e+00 2.970280647277832031e+00 8.750905036926269531e+00 2.600952148437500000e+00 5.387156285232143773e+02
1.148506045341491699e+00 2.829581499099731445e+00 3.509547710418701172e+00 7.930870056152343750e+00 2.024153947830200195e+00 1.474215507507324219e+00 7.319732002498660677e+02
8.320832252502441406e-01 2.712244510650634766e+00 3.456005573272705078e+00 8.152420043945312500e+00 6.505310058593750000e+00 1.238143682479858398e+00 6.786579500790370503e+02
6.216872215270996094e+00 8.080957412719726562e+00 7.154793262481689453e+00 5.716703414916992188e+00 5.273300647735595703e+00 7.467350006103515625e+00 5.977487829091891172e+02
6.561906337738037109e+00 8.071539878845214844e+00 4.911559581756591797e+00 3.181152105331420898e+00 2.707427263259887695e+00 3.776089429855346680e+00 7.337304384873438039e+02
7.929933071136474609e-01 7.096332073211669922e+00 6.357930183410644531e+00 3.258058547973632812e+00 9.220799446105957031e+00 4.336632728576660156e+00 6.978465933413423272e+02
2.207481384277343750e+00 4.458016872406005859e+00 6.769753456115722656e+00 6.915404796600341797e+00 1.579511880874633789e+00 5.378594994544982910e-01 6.120130402524665669e+02
3.719308614730834961e+00 6.898363113403320312e+00 2.781484842300415039e+00 3.555811643600463867e-01 3.956117868423461914e+00 1.540670156478881836e+00 1.037788704688541202e+03
