EpisodeID,Return
1,17.81230701383435
2,12.131462168414712
3,11.091238644791884
4,12.453462243323385
5,13.989525612131093
6,11.489388796911573
7,12.009886870535256
8,18.060871969585403
9,5.723582044621513
10,11.686739511100505
11,10.400108101667026
12,14.552622118519187
13,5.856171060656182
14,12.13955039309206
15,8.867488816191184
16,18.44087854777303
17,12.862916784579163
18,5.721601059844177
19,6.389762980760412
20,6.203589207171039
21,12.16537341263068
22,7.195019631198085
23,11.584081420391847
24,5.415780430360399
25,11.518999913524066
26,15.56491748647987
27,5.648631688022025
28,6.078179749849597
29,5.744800775878701
30,31.807593869862334
31,19.022062539430852
32,10.885314879048838
33,9.89519215980283
34,7.121909749698911
35,16.4138413096357
36,11.399536947684462
37,17.234551296922703
38,10.792758462661416
39,6.130102199060872
40,10.548381458686757
41,32.206746707604005
42,15.067412228602036
43,12.897918260408202
44,11.406814786621192
45,21.16366602270281
46,17.103490566169796
47,14.48925398465167
48,12.584818675257985
49,18.410661305778188
50,13.400980416811041
51,11.753536877056954
52,10.97158028908826
53,14.993406033842845
54,15.250387407262647
55,6.011362569896771
56,11.111666470352612
57,14.344408922211642
58,21.465445449307815
59,6.559616832405475
60,11.720439378062434
61,12.96398943337156
62,3.1056764166043695
63,11.665103265765813
64,9.9892659253105
65,10.405610735102934
66,6.11961712712437
67,16.111617625975786
68,6.185264862791642
69,7.418340062780479
70,10.421544166120558
71,10.47164928313077
72,11.626673249618628
73,15.170664879103182
74,11.975190690161076
75,13.470200436626456
76,11.26612773973835
77,5.865034446499494
78,6.232228487295094
79,20.012900908078148
80,10.577323377531453
81,16.452412527519478
82,11.882674874409862
83,16.063934312851423
84,6.20730371561966
85,5.99258936027421
86,9.739155068701423
87,10.05574710699907
88,23.069888828062428
89,6.8093939995877015
90,7.662304075629432
91,5.645248013860504
92,11.14778443750285
93,11.161536990600302
94,5.609937761170319
95,12.545354531719582
96,10.155047065194381
97,10.925195580956675
98,6.0611297517234615
99,6.095566766060245
100,15.654046157732745
