EpisodeID,Return
1,18.955105340439424
2,6.550913226732476
3,18.0162954918664
4,43.966658691023405
5,26.09051863178221
6,23.706232706074005
7,5.668602314721178
8,14.95432791441201
9,9.170423777208406
10,23.133564485870775
11,36.14403012889633
12,1.8688356750031447
13,5.901908072244198
14,7.890513713935937
15,9.485863905430573
16,5.476790103045688
17,4.7927435724306795
18,4.904457794013951
19,6.802866291070517
20,36.003070614886084
21,21.230726307515347
22,92.2417270722201
23,16.376633179678933
24,106.59564211471255
25,6.055287736831426
26,16.86850251956182
27,10.457007378883475
28,69.87821038885956
29,6.6254748679423425
30,5.80307761616702
31,12.950955172287266
32,12.179811232962464
33,10.459263971723473
34,97.69692229084174
35,55.540771319863374
36,5.371033331536102
37,5.366277908121967
38,26.34894254500689
39,11.427487044537576
40,8.504757162765541
41,11.402354640434911
42,11.866760179965562
43,8.005607244097769
44,10.863778248504302
45,7.038769221068979
46,24.771029355105203
47,7.341909500465727
48,7.364231802325856
49,28.46130063701709
50,18.186823195728618
51,20.553763682414605
52,6.210468579527606
53,92.08355654326068
54,12.82596536041697
55,24.339808232573226
56,178.1483290068937
57,5.660097450689427
58,6.365169662582347
59,24.386895342725914
60,22.119906287032524
61,9.415961138983679
62,6.497228858507492
63,7.097765998079308
64,47.31605777328167
65,5.894298245588345
66,24.819945902841884
67,6.022191890131026
68,31.622761225115074
69,53.291078293389404
70,114.51279224005998
71,13.040154599376036
72,10.1497371722967
73,27.96208441826312
74,11.212644043058802
75,172.39941350796528
76,40.61441950771076
77,10.244018310600397
78,6.691889574077467
79,9.741033527088563
80,14.62736332206641
81,28.617101871778083
82,31.70982834595216
83,11.677485538100107
84,12.94354507767004
85,24.285089033539112
86,18.21871912165696
87,15.725524252597598
88,19.30236035419462
89,19.541671835335997
90,10.151646775775797
91,92.40289913997438
92,7.3135800638098925
93,35.74898912706171
94,10.81657531900922
95,6.385120025806506
96,12.163185003352073
97,18.288808082471178
98,7.392860082314598
99,16.115893791316026
100,10.325203962332177
101,37.60422293265831
102,23.447989557454317
103,8.694711376583976
104,7.351854819164788
105,10.659665071167886
106,8.833016683720977
107,29.72190387896707
108,7.887729378654014
109,16.047419637536493
110,16.21553684341386
111,41.82494030633365
112,15.357767716858039
113,13.759469864683233
114,7.592742145023016
115,14.128486049045229
116,14.553295115936207
117,170.8333998122557
118,16.079675805056535
119,9.578711231644649
120,25.40840017230409
121,10.686690643629914
122,93.08306823306896
123,15.33034428982849
124,26.986736637518053
125,10.007419043039707
126,5.473473025333184
127,12.757464339749713
128,7.547448150671862
129,13.631998294686984
130,5.891820492118194
131,33.95601994410772
132,11.865328687255044
133,13.54181742811023
134,15.939198579101452
135,19.86968859019157
136,16.957789186611016
137,6.954961483915919
138,7.236275964667541
139,13.97073139601719
140,8.519847546933939
141,47.97976091033373
142,11.401884503095232
143,36.19645424423241
144,5.997723660628343
145,9.64244476045654
146,14.778861812378326
147,10.731161624899878
148,8.559793200410297
149,7.096347520216979
150,20.45262619536875
151,17.750718053529365
152,7.617693538888002
153,7.264461831240355
154,9.835375132825451
155,7.704549798869143
156,164.06494821390473
157,12.067420866688423
158,33.856248547924125
159,13.348703302321228
160,14.300414620716797
161,12.708493620802471
162,13.562753409108343
163,21.174535344642287
164,24.68979919962275
165,5.309749227409158
166,17.203262805073855
167,9.339682870550192
168,10.193574219667024
169,12.115668778038984
170,14.064336519453645
171,14.949583643277814
172,34.20186747748938
173,11.702744954256815
174,8.326691180513784
175,9.218310750799043
176,14.274644140204288
177,6.623826023076775
178,18.704119779061003
179,19.197989679573695
180,4.285360055856038
181,18.971601168421046
182,12.668577316455943
183,10.305415035016168
184,8.140750225236378
185,7.545447890512302
186,22.256946980517974
187,7.08358013812151
188,13.27157616247912
189,4.055032344315767
190,88.40498353661395
191,20.309877130043095
192,7.030737835181324
193,9.674211621284721
194,6.308658397521439
195,13.453113982087029
196,11.013620039509663
197,10.179898319588553
198,20.74483138620715
199,8.444970561699837
200,6.252427967395086
201,21.37605918924086
202,5.615505082531838
203,6.075264889217402
204,9.821181333933394
205,10.649406120349754
206,11.926754803489429
207,5.838433548037549
208,5.5083185532362435
209,13.701726893887988
210,8.307305004809173
211,5.861871077619919
212,8.660005150795017
213,10.858049402750561
214,27.600653317946954
215,14.72029781272559
216,10.248831392363977
217,17.689828742429434
218,24.894077672247754
219,6.375243184605888
220,29.164083779909056
221,9.104834505380833
222,15.031932414264958
223,8.989037765819857
224,9.976254394421936
225,20.13446048651799
226,5.68369663624271
227,14.05243025414117
228,5.908003002992033
229,13.216631159988157
230,13.570265009222702
231,13.513712988310127
232,16.77763519291132
233,95.72018006541276
234,13.179176604528045
235,173.18511169092412
236,8.276705189583597
237,4.509350554585988
238,9.276731333797265
239,5.772467125075888
240,15.246947839504939
241,73.91915475315396
242,14.524634550156897
243,6.635375459698472
244,22.338030558284814
245,13.329997021816435
246,8.735207498833994
247,14.06022507278626
248,5.426324565882832
249,17.893416676672317
250,48.92267303899731
251,5.150245927745073
252,32.78976588474826
253,5.667020009940089
254,15.724862061765934
255,5.999631308255907
256,7.272312143201377
257,18.064466494387357
258,6.7881231192931
259,34.32298588230398
260,85.15817349819552
261,6.562316895137128
262,9.476191774421533
263,7.648801371873197
264,7.896698702538724
265,14.954310727649357
266,39.25004557782637
267,12.551846057550943
268,16.963116437188052
269,5.665090712996742
270,7.789886702878339
271,112.93233628486144
272,182.19336586303027
273,6.620292293572743
274,9.103303742978984
275,15.894106181652617
276,8.199808473288577
277,11.363428202424236
278,12.212083513538786
279,13.129419240634295
280,5.592251101403121
281,13.90290437195324
282,24.327157181090755
283,28.329068789078736
284,33.530239207975384
285,40.84388955210171
286,10.127787065883822
287,12.231588617754786
288,9.042102254827228
289,13.259774752227992
290,6.629428537519898
291,11.2615271070902
292,18.912418867413763
293,30.625106893444617
294,5.804811405679439
295,9.096514211350572
296,19.61492935979781
297,7.316643307103988
298,6.580393367890113
299,14.202430573095894
300,9.641997420248993
301,6.877635884692462
302,47.613310974138805
303,5.951122973645997
304,21.454741475546083
305,6.036188147192254
306,4.903791742603292
307,15.18005494897029
308,6.897733132706597
309,7.871496321528933
310,43.487351789160925
311,14.356668945040164
312,7.819494262809063
313,172.61335092782622
314,16.864183097691445
315,6.903486748548271
316,2.741020237322437
317,15.550012990007396
318,9.659840923672327
319,35.3947282912516
320,26.060971477874038
321,16.504874055850088
322,11.313887874811128
323,57.47342964280589
324,12.603685170032826
325,8.210757045707565
326,19.265722968950172
327,9.533693664608125
328,15.481225891878793
329,20.52119090623166
330,31.694557436218364
331,174.6155454527759
332,21.740094790458038
333,139.5915805737333
334,12.978561531488003
335,7.043701617360348
336,20.214770281591473
337,17.132797816605503
338,21.400680248997656
339,10.027596265139554
340,7.774861803162871
341,13.948089804255119
342,13.217668098300557
343,14.717357615983179
344,6.205812200913823
345,14.083032051720158
346,6.223094585163998
347,5.421516037930559
348,18.277500278269184
349,6.4802050725016285
350,5.847932391857329
351,7.486236925223688
352,8.726789964575099
353,6.733382739129721
354,8.354430956080867
355,16.178045890819117
356,80.03074952182936
357,129.42073672437022
358,6.185937541481228
359,103.30835000338061
360,15.389785110944326
361,15.071052902090372
362,45.1010965957212
363,23.351801963834983
364,111.07000925817039
365,9.203008291037571
366,16.295456912583486
367,8.560025448012311
368,12.89053592245423
369,13.783027882820999
370,19.727868759013905
371,10.415459339626569
372,7.856361960783298
373,5.460875611168425
374,82.91326390971128
375,12.7838409379289
376,5.771178246039566
377,6.595572914882202
378,16.935802330902
379,6.747397901064473
380,16.354323800064492
381,16.45155468422425
382,15.199977933913773
383,9.329297913856333
384,18.769622681841486
385,13.178169259111279
386,7.156525901149364
387,17.17791542938533
388,7.285629030244478
389,13.915846938159541
390,6.277006761720002
391,6.393780071735109
392,177.17811209122198
393,6.1457373189995
394,17.02815251797519
395,42.519071224571164
396,28.46623157568073
397,9.53757394790144
398,27.914971870273618
399,7.051734197179305
400,9.855245673024909
401,17.46925464407865
402,5.396241049007623
403,25.49957143714978
404,9.791289722102386
405,11.056633301361925
406,26.686073969863944
407,24.275407634552792
408,9.623055240470945
409,7.782167734118389
410,18.681964174924268
411,16.731734484111726
412,6.544230618917052
413,12.038561916038502
414,26.880327321762483
415,17.309045483867084
416,20.86470557924583
417,14.540057461395813
418,8.287867187388416
419,10.192976728070354
420,14.63435164214832
421,70.15001392815569
422,15.24458165275016
423,15.010930491648965
424,6.871783716804085
425,5.44139256104685
426,31.72346310172439
427,4.738641369520969
428,85.72917878978811
429,8.303984101056887
430,13.34756369862674
431,27.70482151999711
432,10.308127813386038
433,95.41272650947121
434,8.038469870193449
435,12.99196145293878
436,23.758917978540747
437,15.147544708588814
438,6.803953010046615
439,24.910445394197705
440,5.681104337326527
441,5.574673565469433
442,21.87240203238822
443,10.47701497386306
444,15.055985117941347
445,15.384974310576045
446,8.017692425322927
447,17.526443160712695
448,24.077618948710068
449,92.03621339012003
450,8.890102950048355
451,11.01163576588217
452,17.154972050135758
453,93.90705287442857
454,12.616220134953082
455,14.787537457399342
456,16.54433573194372
457,19.950127412716427
458,90.36738949410878
459,5.542430382343427
460,9.042711602048863
461,11.556962875753229
462,10.116312641720913
463,19.04553977976493
464,17.285651684216745
465,103.24086820610164
466,10.359423124852107
467,56.829504036265334
468,78.41635829510093
469,23.073346747808497
470,19.41015172317516
471,6.9524978199312955
472,16.05804394160686
473,25.362445590328495
474,7.475180708867529
475,18.38668101073107
476,10.858822243181644
477,5.812536141292282
478,10.02004550415396
479,10.20346084738635
480,19.135840385776227
481,20.350399707837912
482,15.045771905825399
483,5.240907501420746
484,25.023578380175667
485,7.442885616562949
486,6.049723530096097
487,7.468178735204765
488,60.73539937562933
489,10.540043131992759
490,7.532746010812144
491,7.891725582263837
492,19.21161357191207
493,23.912485965815634
494,14.910241086359001
495,110.43021822507517
496,6.083334497504973
497,8.097836391215225
498,11.13841250478191
499,96.06618723623461
500,8.073324754385585
501,4.002349584174502
502,11.254680253511296
503,26.31140645322387
504,6.1920763786402295
505,22.98211816991716
506,7.109800847240429
507,7.334513987986288
508,8.946410348468689
509,6.852697974033611
510,24.289871035575757
511,8.292737602055059
512,31.029395145508683
513,6.3211149180020225
514,21.228531186198204
515,9.359328082334212
516,6.062258264161979
517,7.509247207862004
518,14.618921769073543
519,31.200114670108615
520,13.669762157310416
521,28.167832616039906
522,16.665101630514126
523,19.250203050350333
524,13.162541041696485
525,11.396521926730836
526,5.250593061986634
527,5.297262595424596
528,10.561963124848242
529,5.168797559068579
530,19.800429054734956
531,28.19352846130227
532,16.661344805933123
533,18.176739109586023
534,8.764848272873177
535,14.727445629049575
536,17.934286346676224
537,9.571674996080702
538,45.891945329525264
539,8.397274979211126
540,6.626993478641145
541,74.29601340519392
542,3.9152325328066824
543,14.112297368157273
544,14.183944564107595
545,11.679950400009194
546,6.686444376090277
547,7.5618228115218695
548,87.13951158159938
549,17.856725339286854
550,8.753385728244433
551,86.3631236767706
552,13.878216248727206
553,9.421219050116248
554,6.185691903909424
555,4.775634457878583
556,6.071562559116508
557,11.841906069943715
558,21.844469594473054
559,13.58714625288005
560,8.188682757577824
561,8.087385140789264
562,9.537020088156845
563,17.92441287190453
564,16.64384953945566
565,5.080528641619981
566,13.977663466744271
567,13.931899959753219
568,5.068392854669548
569,50.07899622522005
570,24.719946612128467
571,20.793631034324637
572,16.987464184622702
573,8.874135816491432
574,17.471946401951687
575,41.999970817039056
576,22.114409650323964
577,21.802174148333915
578,168.42359552145228
579,6.722992599611077
580,5.622801398409877
581,34.49134483490503
582,7.523876965635351
583,12.180134362664377
584,6.1993634588681665
585,13.065048694433823
586,8.2139487858792
587,23.81105512662824
588,6.451917383246928
589,25.653375745145578
590,5.894102282844179
591,9.785804833664095
592,95.71676310768662
593,8.161854467685583
594,7.993492371097111
595,7.813879210338406
596,15.679481618510607
597,6.226163537912227
598,89.76995570098393
599,12.89793440703634
600,6.926579237024558
601,74.54886623194939
602,14.690553924618175
603,7.174447484240594
604,12.41911068183428
605,95.55417960411175
606,14.4547564477955
607,5.749635129686065
608,23.08885593447629
609,5.191634940291259
610,31.89989641029967
611,27.078337949383112
612,15.894372057697652
613,17.770232380816395
614,6.513749546941853
615,5.893752124383063
616,11.097539381752826
617,25.31628765952893
618,17.00197672419461
619,7.075044651637256
620,4.846414186573119
621,10.602537447974466
622,5.1487399576986235
623,9.641056331198328
624,14.049568788553135
625,21.651114699933604
626,6.590685878086007
627,6.983897977775647
628,15.204419955964676
629,13.476959845629194
630,15.561502329079275
631,15.879095521189708
632,30.46808130239404
633,5.329252467026564
634,5.810157965673359
635,9.365086938139276
636,42.36837925856593
637,6.388100416495285
638,7.051472461493241
639,5.24894056205648
640,15.795005224913364
641,174.0142108315244
642,7.129018639521587
643,7.643363757667035
644,11.706321222498456
645,19.064037018321553
646,170.51408808204977
647,12.560339262842964
648,91.41216746738407
649,10.621565735808034
650,39.428753427038245
651,9.283398019892191
652,6.7560223785218945
653,8.790306040047382
654,24.68398978032006
655,17.400792155872907
656,11.00630584444993
657,6.584258748543212
658,8.466904440785889
659,6.597730322140112
660,5.8095356373594775
661,11.832416681698648
662,83.19609478173155
663,13.501269768218652
664,6.671181851758764
665,177.73485615924193
666,24.991398176253572
667,12.132477020713228
668,181.16223464276217
669,164.29786430631364
670,13.501941534564914
671,15.289818419682893
672,10.464445572294647
673,29.5227352489756
674,12.379478982262471
675,5.208888854778111
676,22.4952920781773
677,17.928202414401035
678,50.672425123363055
679,15.995680221011487
680,5.773686674124942
681,7.893594226727479
682,14.041759346176008
683,54.388390206208946
684,8.68760329029893
685,11.245008684585747
686,5.4235614088162425
687,31.540257859756785
688,16.158160336661677
689,8.285374328806638
690,16.478842855289983
691,8.482699412678611
692,18.925098947678578
693,15.155907798736218
694,23.507582607731063
695,4.758921902921176
696,29.709280653234686
697,26.84389421833322
698,19.69799720886712
699,53.14245948458959
700,69.54201072750777
701,12.28379830386881
702,60.88408240365775
703,78.56816633044764
704,13.042178937341554
705,19.79765124285348
706,7.036828303944319
707,7.538589127673817
708,23.433330131520833
709,8.048008683767177
710,8.453532263050525
711,24.09994468997744
712,14.66686746513692
713,8.144113154426101
714,6.769727164975513
715,6.913257391221494
716,13.613146711878796
717,11.909747499167972
718,12.886906482120933
719,9.499091117909037
720,6.052062874536744
721,28.34487275583999
722,28.73515922318869
723,11.340848670182499
724,5.54951264008687
725,91.07538973670343
726,16.785549833205216
727,7.617041896316982
728,6.607160343261915
729,6.709842711711774
730,78.85183574367252
731,6.439251100684169
732,7.592969953128013
733,10.76223692852108
734,9.75296885072733
735,15.86893425100293
736,18.498974613785943
737,13.121551858049097
738,14.506236934633865
739,10.783546006969393
740,32.32130403932707
741,10.127416817397261
742,9.305455584259681
743,15.902634667457885
744,32.89527186478736
745,8.408067578614824
746,10.03628789510098
747,13.308634155471324
748,8.576938237288653
749,17.796895869756128
750,7.2529595660375
751,8.104266307548032
752,51.01143073049396
753,78.6872568507782
754,13.05839581313435
755,16.141825603262415
756,9.711526016680548
757,49.07642783221882
758,18.821455843095933
759,87.68611478328664
760,20.873039638668764
761,7.579515628716688
762,20.579399812356034
763,22.42980947525809
764,8.234641029952106
765,6.839422365395359
766,7.75716126914361
767,13.998358602152123
768,16.290971808181187
769,13.194176757455711
770,44.525376758227964
771,4.665026074809123
772,34.50404408257103
773,7.150541569942358
774,5.4050599928999326
775,16.976404705623185
776,32.282505395668764
777,8.911185726060022
778,8.370010927518662
779,6.891688515980913
780,9.936253868733742
781,10.268374909672948
782,45.176079374466354
783,9.00228718994111
784,35.58624619085011
785,10.600522610412856
786,9.80006711827985
787,15.767089003648058
788,15.483467450907813
789,10.520926871523857
790,4.96272400904659
791,15.694707340625193
792,6.557930433836441
793,29.13761519093574
794,5.017095534201407
795,16.121481483920356
796,12.597061788571816
797,110.86453640080046
798,5.415100765506762
799,9.102071875161936
800,7.963760139872903
801,5.650381074465077
802,10.316573326532968
803,9.600117803586336
804,15.370233107972847
805,22.490827227559098
806,6.785739121966851
807,23.965351486134082
808,14.129009771570033
809,5.3617499116340595
810,7.326537935811942
811,166.69065996964338
812,11.401289389444477
813,11.72191275514943
814,9.456357487573854
815,43.344957771439034
816,28.655564710098712
817,30.641064668870932
818,11.241108524076214
819,10.659591058025018
820,62.094168004512476
821,30.603612581649866
822,7.837658038425538
823,13.437762570157219
824,17.06125991470574
825,10.766009292620767
826,5.295091065227768
827,8.315046748479155
828,18.729943056929923
829,4.955943349821505
830,16.395982402658063
831,10.121398219459966
832,17.915609924818078
833,13.423844685321894
834,16.606855175864943
835,5.228963370068086
836,13.752532220707998
837,6.137210821061424
838,19.772616723011833
839,39.731067296472986
840,6.128020085362088
841,20.145260991335338
842,18.612002025185397
843,10.292246496374489
844,9.4955233713791
845,5.499340196181446
846,11.001736676083468
847,9.719305602005832
848,6.845073998218826
849,84.59501763008612
850,5.274406639857712
851,13.682359166496147
852,12.175385483033637
853,38.74837069606412
854,9.266561796307693
855,11.834022209786792
856,5.928264513165111
857,7.313266969295624
858,7.646975676372037
859,24.529648491462964
860,15.573036102392365
861,16.61225243461794
862,21.306783771353192
863,9.604422368674513
864,10.148987236757218
865,26.672643349185744
866,9.2185172498321
867,7.630735074787388
868,29.101510165109065
869,16.842616920866185
870,37.10776102967303
871,16.194884327599155
872,16.25663700930721
873,14.085615206229654
874,13.784210753211047
875,15.170172865385029
876,97.03045288895605
877,7.437920336916376
878,4.454600804261819
879,184.9953252083576
880,19.160321304607514
881,13.866181534825758
882,7.849658423308196
883,10.249684064641432
884,65.21534765107974
885,10.29888475912734
886,6.733881759516059
887,19.314417047889215
888,6.565391249585628
889,31.486555782266876
890,48.278353158269766
891,8.320144898609275
892,23.43591160188805
893,13.912721792980571
894,44.72677299548248
895,163.5540333267694
896,11.691362279920353
897,11.372696534400125
898,7.494584111261382
899,10.64303552837911
900,4.794554537962984
901,74.73216029036604
902,9.73532323107103
903,5.905018793682917
904,39.68545997493886
905,33.30450357555338
906,5.7706509907260255
907,17.97800082622408
908,17.611585792724647
909,7.584273488273154
910,6.9581782850620675
911,7.6896902121018
912,8.105712444203162
913,11.905860168452122
914,5.6033531982962
915,18.74654733959762
916,13.187236768758915
917,6.221133760339886
918,15.318430300160992
919,8.125002313856811
920,8.867709366642421
921,10.679054955703515
922,6.471684832104353
923,30.02512790847839
924,22.87182858577766
925,31.604578885585255
926,12.39613854237361
927,14.15317567391734
928,6.032381927025234
929,6.152444841610691
930,9.0154327420402
931,8.558143900715866
932,29.237797538379315
933,128.04444331531136
934,21.626569283898643
935,9.454836399295019
936,29.66192235845372
937,6.846850379558456
938,9.516232079162982
939,8.891562188731696
940,15.884241575998905
941,8.847465549746335
942,8.759038106016753
943,23.75178860197516
944,97.14513267540607
945,9.498614400831352
946,8.65433792652174
947,8.020458973986354
948,6.641993009861149
949,43.79527081324591
950,14.283111675672114
951,13.267120365672419
952,9.182820220572237
953,84.03335542068967
954,16.95630609270101
955,53.409371462405886
956,7.519329031150603
957,5.920398017275401
958,6.20255064520736
959,8.785716709587597
960,16.327039254439565
961,7.879759695070416
962,13.435775818462437
963,78.04932904061458
964,16.960011617927517
965,5.208881244261609
966,9.793064942973693
967,15.001111349574936
968,21.788539767525773
969,19.790871507998283
970,32.36846435128811
971,7.242223827926826
972,5.543753883626714
973,6.663891435938516
974,6.163402832538558
975,12.763129684013743
976,6.966128994562696
977,7.266125885307967
978,13.076532472360032
979,17.100947057391625
980,34.69338740926911
981,16.976636553098082
982,9.757703185696704
983,6.546451510083963
984,20.519833632101463
985,20.256189390797083
986,15.932881849967822
987,7.747945392626379
988,30.403383702805737
989,11.985054620634884
990,19.420313961402197
991,15.184359605174322
992,93.01773006079569
993,6.884008221515624
994,6.645844989463823
995,7.919238803065582
996,17.612983340847396
997,26.404339510440938
998,14.285820482670966
999,9.43599022668678
1000,6.413594636759079
1001,5.143309968505739
1002,13.976541438434914
1003,12.638827411681156
1004,15.60588787800975
1005,78.06553921749484
1006,16.410483115526073
1007,7.969625762524878
1008,6.637408393331389
1009,9.595491441440434
1010,7.459547197307381
1011,17.018497209702407
1012,15.634057268957681
1013,9.534474602910173
1014,5.272294757791823
1015,12.086494114312213
1016,17.898152951702706
1017,10.230584534765114
1018,10.314689438249959
1019,5.622545464604521
1020,9.884200980504367
1021,10.35305116740983
1022,6.294835534293579
1023,5.557399203692324
1024,4.652786674910275
1025,8.76571909496645
1026,9.671958609078128
1027,5.163992826281078
1028,7.936381821130191
1029,7.107211953388576
1030,14.249742012763646
1031,9.513545233711735
1032,19.091062370843215
1033,76.84412067146081
1034,7.012950932883784
1035,4.845408428987968
1036,4.897317085790294
1037,12.164754956558852
1038,12.217049663133123
1039,14.651290357761253
1040,5.959557379813259
1041,16.973269633768655
1042,12.92234424361736
1043,25.065077676514626
1044,45.36811980835102
1045,11.369210097592168
1046,13.22574880382349
1047,16.07262235981017
1048,34.65422942740241
1049,17.169938241923113
1050,12.983778608709013
1051,14.905995410372656
1052,7.390592262353806
1053,20.235130047053946
1054,22.97113985256591
1055,104.15798338806164
1056,9.230883825922579
1057,14.034962918738742
1058,9.762510452066852
1059,8.990825051988127
1060,13.407739572576165
1061,13.213199757929875
1062,15.14503095276207
1063,2.17584587910052
1064,43.01021422383373
1065,102.47615259028012
1066,6.092554570844978
1067,5.747992180758677
1068,7.737898662342149
1069,19.729847968582007
1070,4.956576459931632
1071,7.269686397550315
1072,23.23979528971811
1073,161.21851225519353
1074,8.382741654988099
1075,33.10182390210023
1076,5.020501720829408
1077,7.760510848261388
1078,5.983579877003976
1079,4.457421292111955
1080,46.31794410001367
1081,10.235284731367477
1082,6.752181993869702
1083,7.761518830233902
1084,18.289851513190364
1085,112.70015709876196
1086,16.20609082212848
1087,95.33338981942816
1088,8.669660775117498
1089,6.614942846193649
1090,7.057469028156019
1091,11.502087364921282
1092,10.778058878905371
1093,5.139289793783861
1094,7.743541689019079
1095,10.32901673267409
1096,19.142188563052866
1097,15.752665472345905
1098,22.768806550850492
1099,17.964800756602646
1100,14.34819951309197
1101,4.502287472136855
1102,9.717433129447002
1103,22.93359945489441
1104,37.93576523431969
1105,8.200844357479934
1106,13.90578414060729
1107,5.552775309275224
1108,12.722592415498346
1109,23.8466695850118
1110,30.753164069864876
1111,7.844956760206468
1112,19.2576216066441
1113,8.282195685054951
1114,12.458018314462473
1115,7.577152746156516
1116,13.180729548002015
1117,27.601373208851363
1118,15.782266113421034
1119,6.593530079633004
1120,170.5188205762266
1121,23.86737082623889
1122,15.117392857714005
1123,25.282936461457403
1124,7.880237071649274
1125,14.498075128134086
1126,66.21185995115543
1127,7.057512041337986
1128,7.545929609268157
1129,20.988332900584975
1130,6.312974698291601
1131,7.685387273358022
1132,10.707175402758569
1133,15.913325802954693
1134,7.79834749030059
1135,24.915300334732503
1136,7.782964795030584
1137,6.000235303191323
1138,5.58978057714993
1139,5.478304369942992
1140,27.554069471036858
1141,9.108087952183975
1142,12.732290947866174
1143,5.598180046012379
1144,8.458588808407992
1145,7.596138821758804
1146,6.578693074596431
1147,6.826925842720483
1148,45.07707945455448
1149,12.239729421775253
1150,15.5482835164463
1151,16.562709386636566
1152,31.75156458111533
1153,5.251017061673904
1154,6.173051049274475
1155,9.159657738196984
1156,13.101776693583568
1157,11.332228291654868
1158,8.470364661892082
1159,6.338267136764786
1160,8.075941637186071
1161,8.025722475713193
1162,10.175026374917252
1163,14.243904907971372
1164,85.46871340697489
1165,13.6832430732616
1166,168.31639184272973
1167,100.80055123328084
1168,17.376968594727902
1169,35.18881963225762
1170,8.53221909150883
1171,7.8319407683337285
1172,7.953245625664211
1173,5.197891298565498
1174,6.645812806662114
1175,20.514160816819476
1176,12.261680280301663
1177,40.67919491578652
1178,14.408979991566078
1179,10.348134790213456
1180,100.47570434696607
1181,9.39451352516682
1182,28.245394880119257
1183,15.45744294301211
1184,13.981310461858161
1185,15.979801169821435
1186,18.630090481072113
1187,24.39877419166493
1188,38.01068642706638
1189,9.197731464636389
1190,21.66818844858305
1191,101.80075188174456
1192,15.862993658703083
1193,10.619453533848466
1194,9.18700864763997
1195,38.99359678347238
1196,16.159160442691075
1197,122.28930930464644
1198,14.578536941244463
1199,19.43454793406205
1200,7.024948030797654
1201,13.201241401741973
1202,29.58127520030566
1203,14.597063049653803
1204,17.996269523033032
1205,13.510101298785694
1206,6.381492948004386
1207,5.969991568861827
1208,5.828958051643324
1209,21.352929396950046
1210,30.578626657122047
1211,16.843677183575874
1212,13.58563502137225
1213,9.729939700562703
1214,12.546275239818897
1215,7.636636593132892
1216,16.118974673243216
1217,14.778281949759636
1218,18.628836315468945
1219,13.748773604498373
1220,18.036449604509237
1221,10.882499248962041
1222,17.581800243389612
1223,5.430452326164699
1224,13.85227246321202
1225,29.29378307149828
1226,15.006386908304703
1227,12.847690923136383
1228,7.5788522954662305
1229,28.608324366449306
1230,7.5374858799621425
1231,60.93089838779991
1232,6.723286678808569
1233,7.3399368758897285
1234,94.09530353382489
1235,44.052150051710704
1236,17.347434575749492
1237,173.24098506469625
1238,9.055810248691403
1239,5.608131607866552
1240,9.14916096447441
1241,8.53897633206553
1242,11.884459691791841
1243,6.077781570134897
1244,6.590621250447305
1245,126.43272383842634
1246,6.630106007379351
1247,6.427707898487554
1248,9.04386996218251
1249,22.14276340388189
1250,105.60340985366936
1251,7.745222538543818
1252,7.474100657813028
1253,10.74763484816267
1254,5.4288697755113065
1255,7.038287159686174
1256,10.951128106737896
1257,14.820290842184372
1258,11.713036553420297
1259,5.487168032560308
1260,14.964128621708328
1261,14.930855451917346
1262,5.85396579624831
1263,5.56268651892862
1264,19.229767942054433
1265,11.43190756039757
1266,5.609704516726572
1267,12.34154971727017
1268,87.7477667428783
1269,5.3216635535423205
1270,6.768392884743245
1271,8.500840141156875
1272,41.909713873126215
1273,5.861894422829672
1274,91.68377704441464
1275,4.981142137899805
1276,14.02286528087185
1277,10.44358931702953
1278,13.324802838978634
1279,12.247912672220089
1280,13.821176205944578
1281,8.835520236974537
1282,12.114069390476402
1283,30.85942497892603
1284,41.9679840617946
1285,7.951921851292672
1286,16.875108191934476
1287,15.389470181639073
1288,7.030877805597782
1289,50.82546782988614
1290,10.042467982131114
1291,54.87795361138581
1292,10.566776372293194
1293,7.3468676453565065
1294,11.166269032302761
1295,8.455556252453047
1296,7.6980301618020235
1297,19.17802185491181
1298,8.195833515076476
1299,7.582466656235838
1300,15.451242126123985
1301,22.064871111370135
1302,11.902837783722061
1303,14.44356765937986
1304,5.443419243213043
1305,14.336787622001005
1306,8.085539281716201
1307,14.605495421968605
1308,14.30612773663011
1309,5.556086200834619
1310,20.387161859340036
1311,169.88352252995873
1312,6.5795326207781315
1313,103.00257681722046
1314,5.05954419729683
1315,6.389011359547345
1316,16.259956986467596
1317,11.833874402852025
1318,5.566777002700632
1319,14.546012269339275
1320,24.626994228695832
1321,30.427458899818987
1322,4.631052239389212
1323,12.32427181525258
1324,9.096492010093872
1325,16.67402924260419
1326,59.3950648579339
1327,5.569164761896497
1328,5.045351148800323
1329,12.291037204260903
1330,15.057605818371215
1331,8.570256607937303
1332,6.806349750891812
1333,6.073308764714828
1334,7.3731856892836625
1335,86.9174876952521
1336,22.638286117419575
1337,6.922214046967186
1338,18.371373095906133
1339,9.545331070373054
1340,8.901056752386317
1341,5.228763401395188
1342,4.942051951785234
1343,25.377785179249333
1344,13.364061844598023
1345,7.2017292758864215
1346,185.8126198847826
1347,84.82537809868371
1348,15.224884306693973
1349,195.86347013223266
1350,9.716427374949204
1351,84.57582928709434
1352,9.91662553586931
1353,12.214792061424925
1354,21.66047778932927
1355,7.932205643981561
1356,13.411081678225486
1357,11.198311220750583
1358,17.484844190188984
1359,16.393241667098042
1360,104.89352419317373
1361,11.858176908194643
1362,15.217685557003298
1363,19.133447256287422
1364,6.555894844513167
1365,8.300266217134563
1366,6.53032371870781
1367,13.880863243678439
1368,11.890926832977456
1369,19.236829800073167
1370,5.536861608974344
1371,31.703286876187878
1372,76.37599795375552
1373,9.579599117270407
1374,6.006238794807516
1375,105.73061603245796
1376,25.13084160762271
1377,9.211856356275279
1378,174.58006432423647
1379,10.284387911454651
1380,5.5259584454279285
1381,14.139983034561173
1382,39.525317887032216
1383,13.273914338587765
1384,6.89067499072347
1385,12.599203626942447
1386,12.55227796998379
1387,20.859077394413756
1388,15.281910217354097
1389,13.747084772514356
1390,17.419464598649117
1391,7.075845251706913
1392,38.228581816743414
1393,21.638211719447778
1394,5.25657845361634
1395,38.15056380864801
1396,14.405573274466889
1397,30.1871493508658
1398,86.87639122183641
1399,28.976298364154193
1400,7.768995167729053
1401,37.876972741028894
1402,1.5075358649034185
1403,14.126207825153127
1404,8.107937154648711
1405,18.926471771173627
1406,31.462463531424493
1407,12.485213542184534
1408,5.993404110337825
1409,9.417487918712204
1410,14.821740909798685
1411,17.44860077295802
1412,14.958129936473796
1413,19.046076552498096
1414,6.590205982559479
1415,21.922849748300703
1416,15.66133253344005
1417,4.829955030095591
1418,18.236031992338393
1419,21.429492678559882
1420,14.106835247019326
1421,19.85673545330765
1422,10.914085139478857
1423,6.961967191629228
1424,6.373836643230921
1425,8.106150600345586
1426,18.26019031859247
1427,17.47531129068952
1428,9.10593592404812
1429,6.020306161136357
1430,5.71995795444863
1431,14.528249018549431
1432,8.10418797952552
1433,10.124004320168936
1434,18.321720260746627
1435,26.03834482583259
1436,8.022307247024633
1437,19.722857402739123
1438,56.17867842449488
1439,4.517867540434723
1440,6.643414432369129
1441,15.693763346764165
1442,6.569853878451442
1443,74.37060166880232
1444,69.04111863910825
1445,25.088052121959677
1446,13.654515123422996
1447,10.725989675594647
1448,67.97771352409893
1449,18.412620809978243
1450,15.026624786286831
1451,7.992121769933694
1452,5.458923120130958
1453,32.93206366222058
1454,12.667499557787467
1455,4.815640959142073
1456,11.949461141677753
1457,11.016634473466253
1458,24.658173876518052
1459,185.90695082738128
1460,17.063307186893134
1461,17.58403371874476
1462,8.09621714732088
1463,5.492623252608142
1464,28.516398740511608
1465,6.325208839384321
1466,11.56081114115342
1467,6.410481056523138
1468,4.9590558819994355
1469,9.09914619761465
1470,8.42159201282892
1471,10.259299688121946
1472,8.930075360665107
1473,23.26149177271978
1474,8.101924388378743
1475,100.9525099675993
1476,88.36058301378901
1477,57.89905694756867
1478,30.350271272402207
1479,28.03667206302367
1480,6.557952168004282
1481,5.019214486054207
1482,7.1710127287094005
1483,12.558015217295202
1484,15.914515707758575
1485,4.7215082056999975
1486,19.013249092769062
1487,21.333162428095836
1488,11.170374833680496
1489,12.795283016999022
1490,29.7400122929111
1491,68.35468611815278
1492,23.278799692967176
1493,25.326686071577146
1494,96.6813783309329
1495,6.142060223616266
1496,16.14898944029239
1497,20.121950949558563
1498,15.038253509085711
1499,10.00632134161757
1500,44.51105559765699
1501,10.53627832950333
1502,14.00957683161429
1503,23.66694387885136
1504,11.28378113045525
1505,23.620778201263086
1506,14.15095420985028
1507,20.357868306222006
1508,10.333660447325126
1509,28.76913100151852
1510,5.956854371324724
1511,5.655555020925991
1512,17.764064794135297
1513,8.85244391160169
1514,6.899858053644168
1515,12.153095132201676
1516,4.905027036975729
1517,15.38713971152702
1518,17.038214395444204
1519,21.521643016924443
1520,4.646020995902009
1521,13.957822052865456
1522,6.706265673176851
1523,18.54035616805113
1524,37.32167889934299
1525,14.996794701491229
1526,32.50899987660429
1527,12.28202652567129
1528,25.3033601427447
1529,9.385805144673084
1530,11.498850816117953
1531,7.8809166971395
1532,15.239984434057005
1533,6.3042317643491055
1534,5.77685114963494
1535,10.200333194751684
1536,56.96245069540822
1537,20.76405057960973
1538,93.76541500445356
1539,14.00758622317513
1540,12.305734514230055
1541,13.010195472052873
1542,12.204602083840552
1543,18.71061823557305
1544,9.660246540100255
1545,20.112724157513775
1546,7.002983511714984
1547,5.644853810791529
1548,31.364951342545876
1549,13.597268279562396
1550,19.901579798816552
1551,73.3013979695125
1552,7.959584182138506
1553,121.01957036211324
1554,21.078450268356097
1555,16.694132797509944
1556,7.837656349590715
1557,15.144680606373928
1558,53.34405968699172
1559,6.327869768455514
1560,14.044585304497689
1561,6.663320436812778
1562,75.80461115176473
1563,13.8667357558915
1564,13.198270749436606
1565,27.007789832262585
1566,6.603830477270357
1567,103.28734636397476
1568,5.8088456896352145
1569,15.574462756271473
1570,23.092300056138146
1571,5.760402238131414
1572,14.10268947661326
1573,6.588739568936383
1574,83.64501287787294
1575,5.446321848012226
1576,186.7843779045246
1577,8.973335065153663
1578,15.318821680884493
1579,9.34729948298004
1580,19.57835176998134
1581,4.670794686420029
1582,4.891082550032115
1583,14.623189912214915
1584,6.6335496525702675
1585,8.975078662627272
1586,14.648683341890047
1587,92.67694738545457
1588,19.5375027195434
1589,22.069618032903666
1590,49.03615505991116
1591,87.89027560907881
1592,6.7811601705255
1593,6.227132828833863
1594,24.519016671225234
1595,9.552444683810768
1596,37.977020022106046
1597,7.673577311855201
1598,9.581514176524966
1599,5.797719069383984
1600,178.70405554384212
1601,7.928694970635339
1602,7.066369250528742
1603,5.412912603702788
1604,8.904658553925582
1605,5.711225383806202
1606,58.83802236278321
1607,8.334568889071539
1608,47.85507604953006
1609,8.508858689168324
1610,17.97736406484554
1611,9.927656067927641
1612,17.749244329442675
1613,17.669776104465328
1614,22.654053931153143
1615,11.749695777860738
1616,11.753461245954803
1617,16.326616681572386
1618,24.53617094388334
1619,6.096791712783967
1620,12.287474939448149
1621,17.78774570769072
1622,23.57629543620203
1623,11.54919225380933
1624,10.915315794636882
1625,11.198086408978732
1626,28.452012868719066
1627,20.259423118968492
1628,13.351551041550126
1629,44.73984589906315
1630,12.293673949499098
1631,76.62456414835485
1632,12.214225683914393
1633,7.97272026314299
1634,38.0950621687613
1635,23.48164516019824
1636,10.43805126820018
1637,21.639774142227203
1638,135.0948676727604
1639,22.311147221191177
1640,15.028014923556148
1641,5.237703947904215
1642,42.664807852926295
1643,16.36953027213875
1644,173.94554811358225
1645,28.264729732228332
1646,13.948387457210881
1647,8.204366990601697
1648,5.613677011396754
1649,7.251377578141771
1650,13.26385152906924
1651,33.19999535997798
1652,6.707850933054315
1653,17.363343638405187
1654,20.956463239715298
1655,28.842995703307214
1656,29.326263110163072
