Episode,Return
1,9.212125735594013
2,23.04404219815845
3,8.260940926293895
4,9.095972073281244
5,22.495788015691026
6,14.264744217185939
7,7.138180454286083
8,9.82037548138724
9,9.562027404883779
10,9.738289427089642
11,28.782664232461975
12,12.983199788468976
13,10.346281453977841
14,10.054139898510092
15,4.447869260302145
16,26.033419463816102
17,9.279085270496878
18,17.30618086865195
19,1.7794383881875104
20,8.11394037200577
21,15.864899378325124
22,8.220090259662307
23,9.356180019454838
24,19.008994565178394
25,11.134276585870284
26,11.88074711482648
27,22.244975621081267
28,17.20008977595913
29,28.568284905183944
30,12.95005187794748
31,30.11381663576963
32,14.347805327410581
33,20.360890555773505
34,10.498114779753944
35,7.033027650822516
36,25.44143157447386
37,19.711154612314655
38,14.168202908090755
39,10.48049556186628
40,23.609253123630232
41,28.842987300672146
42,20.22117584861859
43,18.655355683686423
44,28.715243577188417
45,5.056205317043686
46,9.26038564813683
47,12.589713884120535
48,10.116275119887444
49,10.963345667642553
50,14.790231414878123
51,6.906447013338034
52,37.21655370164818
53,11.556027651523703
54,13.934382624380872
55,16.058750733727752
56,22.43456242978465
57,20.683571041106422
58,7.747302222441389
59,29.10951136405344
60,6.871911749029846
61,13.839106616261697
62,22.48729828148437
63,5.039764088587509
64,8.956472594610602
65,8.54372326780148
66,7.534086032316487
67,12.374696059568034
68,23.829192467975027
69,16.496491925003994
70,14.698044182778398
71,12.149726134806226
72,7.459851634307009
73,6.837255160337643
74,13.861224187079085
75,7.965866328881384
76,8.11439885602417
77,9.430612332596318
78,10.343376071182659
79,24.297236227803676
80,3.437476311263714
81,28.027438830696084
82,17.26438060135139
83,7.099894272977523
84,20.438265271775766
85,6.205248057763275
86,12.201022243769671
87,10.943263268165792
88,6.438019107025259
89,49.40540622662215
90,2.36937929539435
91,5.173606971153835
92,7.920905326686723
93,17.859277150990795
94,18.150323120367453
95,2.21734162916734
96,29.47154524047677
97,16.704966413591045
98,4.81202220943686
99,5.484984429947174
100,13.637558896799161
1,21.714174084206682
2,18.557885373347155
3,13.436933472604819
4,17.646537175836883
5,21.502930638952144
6,21.018222585440366
7,14.852140237433506
8,11.111779490158348
9,7.692651355789044
10,10.449531404716385
11,20.484890808146687
12,17.325407765670413
13,6.272999172251875
14,17.642555832271476
15,9.486182589138428
16,19.931943795291563
17,7.4919239805480755
18,16.35903879301701
19,10.73243453386759
20,14.250217208839162
21,5.6992166646606135
22,17.688753000592122
23,3.5898939079088295
24,7.981233088327892
25,13.878685993262053
26,6.285811988456741
27,14.721897809096895
28,5.341994578991383
29,21.188907131387914
30,12.003715234987675
31,17.45166877394483
32,26.810939532750687
33,16.25568652138356
34,5.242382301060001
35,16.905589951849098
36,15.199318282967305
37,53.02347006401687
38,9.76426492659998
39,10.125536074511693
40,21.995911021759955
41,21.72593096916308
42,21.56184065233003
43,7.879946891746308
44,7.462069551669343
45,15.013988380558555
46,12.80715833507548
47,15.137737609970678
48,16.476556644131687
49,20.44403801409894
50,20.47430747098367
51,9.8418903556555
52,33.94275665854256
53,4.322772589202797
54,9.865315319150668
55,21.719232129764492
56,6.666076602244202
57,9.278880780144377
58,6.826334926843177
59,14.025350191451768
60,13.479099549042076
61,9.429436166302331
62,11.131893144007549
63,3.551222497858483
64,6.484182504834168
65,23.724335440673375
66,21.90047505168552
67,18.281890380190408
68,13.29902255317347
69,35.106590945527316
70,18.086141128780685
71,8.82130782102025
72,30.477162224145104
73,12.045156318512742
74,8.360732191268013
75,10.309642006129046
76,24.16140529092768
77,2.720239395031764
78,17.156827386680753
79,3.557932785890471
80,26.124661341171137
81,10.570349878593108
82,10.964908704766193
83,16.931769817037342
84,11.043944882358472
85,7.322630251717268
86,16.67254878203163
87,5.9929573989184295
88,10.718939089531421
89,9.125015932816316
90,12.267143175849396
91,4.100462143798578
92,19.3129602488671
93,2.714095891965677
94,19.47800724314121
95,14.015860165148315
96,10.269304265804179
97,11.101871769150671
98,13.33438412260112
99,21.15619462334838
100,7.844111338243375
1,15.10378094817095
2,2.17651107707759
3,5.868579932592144
4,9.145671945379124
5,19.656061979364363
6,25.67344607702203
7,3.178079607702399
8,14.951981591047499
9,6.426044949919891
10,13.882744480890516
11,9.404357914183887
12,7.337801451414672
13,5.048353144541772
14,16.047711667272697
15,22.439276224621302
16,8.679102787924304
17,12.128159250075463
18,13.436043173339527
19,30.07421456267262
20,29.583761859731354
21,18.983506756439446
22,10.20935522086042
23,13.863450222254164
24,28.864911710608123
25,20.71643839869705
26,21.107976832374824
27,18.53696425256472
28,12.53292294831813
29,18.981288044368988
30,12.443714190697321
31,27.492412549799223
32,43.552108572441426
33,22.830365232036804
34,29.148907978904926
35,42.92323442442745
36,17.64956932107813
37,8.838268910779863
38,3.551974893654125
39,3.677599492022935
40,23.31475161847392
41,18.638290660905373
42,19.73287272001449
43,19.77993751058886
44,17.705430096988717
45,17.466138114836873
46,12.609986841832335
47,12.402432250038531
48,9.980723065887958
49,54.89173636627425
50,27.789645436870586
51,10.600155667855354
52,21.26173428117916
53,5.560345031750794
54,17.042223622949553
55,29.76121955479341
56,27.280713591038577
57,8.797967801135966
58,13.831574233741929
59,8.587350820970604
60,8.428141023850836
61,10.4362347892688
62,10.93976129326144
63,10.556255934669103
64,6.591850907820129
65,11.4088032612397
66,20.160353342602942
67,14.614375659732831
68,6.645911279437657
69,10.096267444311597
70,11.777280558541884
71,4.201967660047318
72,8.105114670283257
73,8.975536357395121
74,20.98750873403656
75,9.077206384000341
76,19.062684443995746
77,26.678313659935924
78,18.272221947976714
79,7.161741707920233
80,22.541613527608053
81,3.193768718449296
82,8.314480568932755
83,15.29051107637184
84,11.70397056457777
85,8.330934946799383
86,10.222488305243846
87,22.96558041823339
88,21.125670212951952
89,27.85879235283423
90,15.865040199308664
91,10.268101089343771
92,21.30498070479605
93,19.126922507978538
94,9.503187914779872
95,8.882896770795389
96,8.422544714795864
97,27.076043304259034
98,20.348310994709934
99,9.039154255669553
100,18.602351455123063
1,13.972511686145943
2,20.9345724997376
3,18.451340803986987
4,20.592265929236355
5,9.056808862699755
6,13.823824957711839
7,18.66269117421522
8,18.285864062823542
9,21.3268699248205
10,15.972050207380933
11,28.46116933357455
12,22.25940826125131
13,6.301299584267427
14,19.298555266206744
15,27.161355958986494
16,17.27092139572692
17,14.409778591186278
18,16.67604066847922
19,13.515852599106383
20,18.2882770681838
21,12.277099712173417
22,4.242967457867373
23,14.051815933396792
24,31.18972125735972
25,15.055822630809839
26,15.493199909398262
27,10.91026750023414
28,3.6364230405363878
29,8.547344188843477
30,10.681607320430118
31,15.11686471724739
32,21.7195640150512
33,9.416658629188827
34,9.366942573538891
35,9.90879920634619
36,9.659897119770251
37,36.36426842560897
38,7.388514790774342
39,41.872898995637684
40,9.489022886649321
41,3.7935075874156916
42,23.55023919331192
43,13.004238895263398
44,28.03290324711411
45,14.157997650136856
46,21.124549345354183
47,19.169394734317773
48,5.792059783376598
49,13.057163175741996
50,8.803381660358085
51,5.790981995509991
52,16.849381204009784
53,12.61721720658799
54,22.16832931799023
55,10.031073098675618
56,15.10982666277805
57,7.641810759655531
58,7.166656994586359
59,22.159655216040065
60,16.667970547861824
61,9.66432387562559
62,14.056295917570093
63,2.6578278983884074
64,14.034179476523796
65,22.200800941578837
66,4.359687467398345
67,14.534047377909166
68,14.517630681445233
69,12.50378991298345
70,4.0378553457179995
71,10.184674746484086
72,3.0325296810940556
73,30.710665526915374
74,8.87826925508259
75,19.280545662785787
76,16.0657069804031
77,16.26378684176378
78,14.750720331467784
79,8.917909229478784
80,22.775457582599685
81,12.911538781575702
82,15.54809844918062
83,8.771030946537477
84,17.113322972174196
85,14.427939617908804
86,10.351386744304959
87,21.879961369908827
88,33.00181000048036
89,18.259801352073723
90,11.3205676230436
91,15.890927963950098
92,3.6264347713581295
93,23.46332658584119
94,9.189913799669316
95,17.180353912235844
96,13.092866060610541
97,21.754177180111046
98,12.34400081304143
99,4.134407409118227
100,9.54697427677743
1,9.522290692702684
2,3.542180614975287
3,9.915774317960881
4,12.877821271516654
5,8.321091080529031
6,23.628871515091873
7,25.244224744916536
8,2.536577425490006
9,21.748969935822057
10,10.94177493605172
11,12.340324156335496
12,17.91873002789287
13,10.658597555292097
14,14.784574770088026
15,17.532934827223887
16,14.401863468397565
17,17.564339618751887
18,7.962946583988909
19,36.52367642487564
20,23.711252074298766
21,18.67343422822315
22,10.28984268587815
23,20.628481656429408
24,22.459594136908848
25,11.709241205289686
26,5.202418005384082
27,10.232267507680412
28,5.71329281202062
29,12.693836181044981
30,20.857230883374204
31,15.364701658298612
32,3.9259377767266157
33,14.087840631937734
34,20.877858790072708
35,17.35531427001061
36,9.21798367803164
37,18.546298343370523
38,24.65609558423896
39,11.171915380730063
40,9.547966451686582
41,20.2012454375264
42,5.741388428993957
43,24.72430845494611
44,10.340184036670122
45,19.021427301226975
46,7.042094463129008
47,6.026588534062954
48,18.1370991582818
49,3.918543173550266
50,19.978160740129322
51,11.236264368766353
52,7.534270678406768
53,12.933093222568782
54,8.998671796629974
55,24.57337042450316
56,7.839067643007023
57,15.005093220316212
58,16.042636438751796
59,19.996677532876543
60,12.55429816310963
61,13.019522706067074
62,15.134156671509917
63,9.78677287482068
64,3.6684087673995838
65,19.61381056903078
66,18.891988959886483
67,13.98303064634939
68,12.2961687170905
69,16.918332914070987
70,9.180244743346208
71,18.21689874394461
72,18.002010011801595
73,8.176504681087932
74,9.611838555775094
75,8.073677484472872
76,9.762378878243165
77,9.173055139506793
78,21.90261530318101
79,31.625517156018358
80,8.810037158402935
81,18.856019867922964
82,10.913154981336268
83,22.507320984310404
84,14.273630519796246
85,7.730279291714253
86,3.776304626804098
87,14.84995649897746
88,15.958256603206596
89,16.246707614975072
90,18.83998690077299
91,2.28495682148935
92,1.9393389189756358
93,6.253103778942592
94,12.200740518602954
95,10.455455886739522
96,15.253977895239471
97,9.948610860429662
98,35.25008445125137
99,19.241242051602992
100,20.283827300047736
