EpisodeID,Return
1,5.7145768124889464
2,10.223110807269558
3,12.7164366122625
4,15.421906886229742
5,12.58758296094336
6,7.587719559583141
7,13.980242557699475
8,3.5359546147204517
9,5.693092927455329
10,14.858636193730211
11,10.81831620722925
12,11.535807299523505
13,6.291524728942768
14,15.993518139544026
15,4.113915658891122
16,6.218702017311697
17,12.877881769753518
18,6.233285924884955
19,10.865064125261709
20,17.441637642791278
21,10.137947966493952
22,32.32200740848563
23,19.790102838470204
24,18.812101412155172
25,13.30686186985671
26,5.7668228814471645
27,16.702524447448756
28,19.71644387411431
29,6.018822951688864
30,9.973693424521004
31,10.408029374354639
32,11.153878962717286
33,5.877427057258105
34,21.730923737385144
35,17.457034015049437
36,18.667361437460222
37,9.61572617107738
38,10.50721854287848
39,6.2069807087428375
40,9.871755910621683
41,4.208749184779022
42,16.71337460112488
43,11.177113541926317
44,10.250806232331124
45,26.65701631647575
46,5.974899217461195
47,10.323189321492793
48,30.317376760248546
49,12.640798180074723
50,6.558090909062946
51,35.60577137903784
52,14.925014818349608
53,11.298797609660646
54,6.148009650811751
55,17.724102011781284
56,10.348533193206325
57,6.129534329801123
58,7.383895737477237
59,6.863020531411173
60,6.769616937103204
61,37.84653142785858
62,11.806889316077095
63,5.635267510905598
64,6.114588513094887
65,10.37251184962961
66,7.05178467301093
67,10.409469325101076
68,8.11217823094244
69,5.9931283201805305
70,6.186958330294454
71,10.35092280761496
72,9.492840708815562
73,7.022161315002187
74,12.401154769297964
75,10.952306629920127
76,7.643343592118725
77,11.58200383782069
78,27.97900300412102
79,21.396723858029944
80,6.5440580298886335
81,10.953665758376504
82,10.323279407622566
83,20.010807010759287
84,17.199603675361516
85,14.902032039193495
86,16.825610963184445
87,18.19970811343786
88,15.042983309852687
89,16.672992731645273
90,7.71492334561028
91,10.991192359836456
92,8.659134940466952
93,5.990900995520666
94,21.60529193427293
95,11.038621507733156
96,16.84766176218351
97,34.67308585164925
98,19.20437989180412
99,7.498719165448891
100,46.03023004474059
