4.264335632324218750e+00 2.105684280395507812e+00 1.337772250175476074e+00 1.452877759933471680e+00 4.026955664157867432e-01 6.358170509338378906e+00 7.031014404296875000e+02
8.041959762573242188e+00 4.792573928833007812e+00 4.566360473632812500e+00 2.298892974853515625e+00 8.522536277770996094e+00 3.647946834564208984e+00 9.063049926757812500e+02
9.691664695739746094e+00 9.303366661071777344e+00 1.651161074638366699e+00 9.254178047180175781e+00 2.639050483703613281e+00 6.097430229187011719e+00 1.475701904296875000e+03
5.204679965972900391e+00 9.825489044189453125e+00 5.980179309844970703e+00 8.561072945594787598e-01 4.894725322723388672e+00 8.448404312133789062e+00 1.532972045898437500e+03
8.876899719238281250e+00 7.151803493499755859e+00 7.106347560882568359e+00 4.794121265411376953e+00 6.392981052398681641e+00 5.786461353302001953e+00 1.455934692382812500e+03
9.409393310546875000e+00 8.782071113586425781e+00 4.564598560333251953e+00 1.770427584648132324e+00 3.098609745502471924e-01 1.592924356460571289e+00 1.286988650507332295e+03
1.313508391380310059e+00 6.984341144561767578e+00 4.452863693237304688e+00 5.273912429809570312e+00 2.863575220108032227e+00 8.080572128295898438e+00 1.426939267525502601e+03
6.583521366119384766e+00 2.215476512908935547e+00 9.630385398864746094e+00 8.642183542251586914e-01 8.022702336311340332e-01 5.770350694656372070e-01 8.745161942026970792e+02
5.118144989013671875e+00 9.302895545959472656e+00 6.517280101776123047e+00 9.175069808959960938e+00 1.927661418914794922e+00 1.675013542175292969e+00 1.192550377012966010e+03
9.167233467102050781e+00 7.007450580596923828e+00 3.839660167694091797e+00 7.615032672882080078e+00 2.771356105804443359e+00 6.991005420684814453e+00 7.883241786065161705e+02
7.880349755287170410e-01 7.759273052215576172e+00 6.952498912811279297e+00 8.701143264770507812e+00 9.096240043640136719e+00 5.885376453399658203e+00 8.102351476571990361e+02
6.225164413452148438e+00 8.585274696350097656e+00 6.206440448760986328e+00 1.845552444458007812e+00 8.046239852905273438e+00 9.626925468444824219e+00 7.604959394004094975e+02
5.204601287841796875e+00 9.825103759765625000e+00 5.979767322540283203e+00 8.558441996574401855e-01 4.893966197967529297e+00 8.448372840881347656e+00 6.466747547347598584e+02
8.836946487426757812e+00 8.315644264221191406e-01 1.835535287857055664e+00 6.054751873016357422e+00 3.370239973068237305e+00 8.187743186950683594e+00 6.658228745847296750e+02
4.773105621337890625e+00 3.137004613876342773e+00 5.158313751220703125e+00 7.180288314819335938e+00 6.318307399749755859e+00 8.360329627990722656e+00 6.252169801201837345e+02
