EpisodeID,ActionMeasure
1,0.3531287908554077
2,1.324790894985199
3,0.5557223856449127
4,0.7659969180822372
5,0.9329195991158485
6,1.2718025147914886
7,1.2150366455316544
8,0.8004244863986969
9,1.2091421633958817
10,2.261990249156952
11,2.876798093318939
12,0.23167186975479126
13,0.2276124358177185
14,1.351204663515091
15,2.3622612059116364
16,1.50471630692482
17,2.1186635941267014
18,1.1112267673015594
19,1.2051446735858917
20,0.9518365189433098
21,1.615327313542366
22,0.4276691973209381
23,1.5696520805358887
24,0.3159200847148895
25,1.5540801733732224
26,0.41415444016456604
27,1.5241984724998474
28,1.1554434262216091
29,0.3766534850001335
30,0.7537021040916443
31,1.0817915797233582
32,0.3555111587047577
33,0.42679972387850285
34,1.408453032374382
35,1.6138914227485657
36,2.768984690308571
37,1.3758685141801834
38,2.247679591178894
39,0.11897355318069458
40,0.39158827252686024
41,1.220915973186493
42,0.619478702545166
43,1.0051879584789276
44,1.8736406713724136
45,0.05557170510292053
46,2.3478526547551155
47,1.234560802578926
48,1.9623500853776932
49,1.9816062822937965
50,1.877531886100769
51,0.46530407667160034
52,0.9454020112752914
53,0.5905306935310364
54,2.35480460524559
55,1.1690746834501624
56,1.0632493644952774
57,1.969314157962799
58,0.35669969394803047
59,1.3619761615991592
60,0.6857047080993652
61,1.5975754149258137
62,1.045083910226822
63,0.9109336212277412
64,0.39908021688461304
65,1.255429983139038
66,1.837399609386921
67,1.000308845192194
68,0.9300413727760315
69,2.1826573368161917
70,0.07667824625968933
71,1.8685255721211433
72,2.152952492237091
73,2.3494389355182648
74,1.626089185476303
75,0.6735226958990097
76,0.6999929416924715
77,2.163769722916186
78,1.1695063561201096
79,1.9124225229024887
80,1.1611124277114868
81,1.364699698984623
82,1.7054502964019775
83,0.8300790265202522
84,0.8342829123139381
85,1.9985020384192467
86,0.9027544558048248
87,0.9001463651657104
88,1.0998008847236633
89,0.5845485329627991
90,1.8957615196704865
91,2.234598755836487
92,1.0534266084432602
93,1.6306911706924438
94,1.7317400574684143
95,0.8069238513708115
96,1.0021772980690002
97,2.913687951862812
98,2.259655326604843
99,0.39097632467746735
100,1.0021062940359116
101,1.8283659890294075
102,0.9323049113154411
103,0.4864632487297058
104,1.2232139110565186
105,0.751090407371521
106,1.982249066233635
107,1.1459232532652095
108,1.2234053015708923
109,2.525709118694067
110,0.14613422751426697
111,0.38601915538311005
112,0.7987882271409035
113,1.4963544011116028
114,1.7219699397683144
115,1.1229326277971268
116,0.48659251630306244
117,0.8110481277108192
118,0.5530989468097687
119,1.2677960991859436
120,1.8782311230897903
121,0.2776728868484497
122,0.6414189636707306
123,0.8991692662239075
124,0.7517861276865005
125,1.3838845193386078
126,0.012027263641357422
127,1.134049415588379
128,1.4012662917375565
129,1.8508459627628326
130,1.0677198767662048
131,1.0483998358249664
132,2.793797865509987
133,0.8405521959066391
134,0.7021075710654259
135,0.5192683041095734
136,2.4300073087215424
137,0.5477747321128845
138,0.7844074964523315
139,0.5512121319770813
140,1.4892034232616425
141,0.9083496928215027
142,0.9392336010932922
143,0.9988837391138077
144,1.03685462474823
145,0.856846809387207
146,1.1424112617969513
147,0.45355069637298584
148,0.857176661491394
149,1.2326760292053223
150,0.9859904050827026
151,1.6265447586774826
152,2.001784384250641
153,0.4118680953979492
154,0.42374128103256226
155,0.23591028898954391
156,0.1762612760066986
157,3.0275055915117264
158,1.752090409398079
159,0.62650465965271
160,0.9169337749481201
161,0.3849712908267975
162,0.5440549850463867
163,2.9889412224292755
164,1.8865684121847153
165,0.9346598014235497
166,1.0111014544963837
167,0.27978578209877014
168,0.9708278775215149
169,0.7897764444351196
170,0.6577475368976593
171,0.4251866042613983
172,0.5989813804626465
173,1.4389133751392365
174,1.115458905696869
175,0.5918522477149963
176,1.4278616681694984
177,1.2341394424438477
178,2.12728950381279
179,1.0421103239059448
180,1.458676427602768
181,1.966925859451294
182,0.795189619064331
183,0.9011200368404388
184,1.59773850440979
185,1.5610448867082596
186,1.9333683103322983
187,0.6198074221611023
188,1.4283316880464554
189,1.6418722867965698
190,0.5792555660009384
191,2.8066888451576233
192,0.7010529935359955
193,0.1999017894268036
194,0.5842550992965698
195,0.9469781965017319
196,1.4214826673269272
197,0.5345255434513092
198,0.6563292741775513
199,1.1712611615657806
200,0.9661778509616852
201,1.2598358988761902
202,2.075134575366974
203,0.9920587837696075
204,0.9953555762767792
205,0.820963054895401
206,0.9746072068810463
207,0.35087305307388306
208,1.0708240270614624
209,0.1581670045852661
210,0.7724392414093018
211,0.8958947658538818
212,1.244347020983696
213,0.7686679363250732
214,1.122074842453003
215,0.4900636076927185
216,1.0975581631064415
217,1.6737446784973145
218,0.4848635494709015
219,0.6855773031711578
220,0.10747206211090088
221,0.48661094903945923
222,1.0160411894321442
223,0.5852371454238892
224,1.0929219424724579
225,1.1146306097507477
226,0.5550192594528198
227,0.15935467183589935
228,1.3887869715690613
229,0.8914068341255188
230,0.5997043251991272
231,0.380999892950058
232,1.9026759564876556
233,0.5603140890598297
234,0.1489892676472664
235,3.25790935754776
236,1.0484220683574677
237,1.6526259779930115
238,1.9685918688774109
239,0.7999048978090286
240,1.377285361289978
241,0.3678813576698303
242,1.1662092208862305
243,1.7057542502880096
244,2.111090838909149
245,1.8043753504753113
246,0.26457251608371735
247,0.7424906492233276
248,1.0913123786449432
249,0.7888062447309494
250,2.4244020879268646
251,0.7047863006591797
252,1.009972095489502
253,0.7220160067081451
254,1.5377952456474304
255,0.41585618257522583
256,1.3946096301078796
257,1.111771747469902
258,0.584172397851944
259,1.2542075365781784
260,0.3798052668571472
261,1.4861231744289398
262,0.612920731306076
263,1.2679980471730232
264,1.2118898928165436
265,0.9543673396110535
266,1.0509850680828094
267,0.20734769105911255
268,1.5614289119839668
269,1.1359807848930359
270,0.4225338399410248
271,0.6444613635540009
272,0.3898358941078186
273,0.4582147002220154
274,0.8599964082241058
275,0.6718560457229614
276,0.7760161682963371
277,0.5656327605247498
278,1.9072407484054565
279,1.2657979130744934
280,0.8314916491508484
281,0.7394615411758423
282,0.4871125817298889
283,0.9754504263401031
284,0.5634708106517792
285,1.6748911887407303
286,0.4883407652378082
287,0.75874163210392
288,0.47979724407196045
289,0.8018531799316406
290,0.06443805992603302
291,0.2612683176994324
292,0.7777025997638702
293,1.3617756366729736
294,1.1292546223849058
295,0.8268915247172117
296,0.6279003322124481
297,0.3751159906387329
298,1.2148503065109253
299,0.41635628044605255
300,0.883812889456749
301,0.9404681026935577
302,1.9384778141975403
303,0.9890732765197754
304,0.9001410603523254
305,1.1221124827861786
306,0.3924798369407654
307,1.2748732268810272
308,1.1982669532299042
309,0.04494762420654297
310,1.109008401632309
311,0.4897834062576294
312,0.9319376349449158
313,2.7178950905799866
314,0.2524875998497009
315,0.42407943308353424
316,0.6628854274749756
317,1.0141648352146149
318,1.3506113588809967
319,1.5729861557483673
320,0.3020045682787895
321,0.8221571296453476
322,1.0424162149429321
323,0.7594215869903564
324,0.5782498270273209
325,1.790711522102356
326,1.1290336549282074
327,0.4977284073829651
328,0.8462169766426086
329,0.7164272665977478
330,1.7134153246879578
331,0.5412561893463135
332,0.3559842109680176
333,0.04046738147735596
334,1.505774300545454
335,0.6720395684242249
336,0.30521106719970703
337,1.4274133443832397
338,0.49064481258392334
339,0.8124171495437622
340,0.4376189112663269
341,2.219543069601059
342,0.7860601544380188
343,1.0732950568199158
344,0.16434070467948914
345,1.4061391949653625
346,0.8885542154312134
347,0.9939351379871368
348,0.7223380208015442
349,0.8770518898963928
350,0.7842810153961182
351,1.2053825855255127
352,0.6510270833969116
353,1.5841275453567505
354,0.37293797731399536
355,0.6857796758413315
356,2.139940768480301
357,0.7918410003185272
358,0.9948492050170898
359,0.6413580477237701
360,0.4258100390434265
361,0.8684439659118652
362,0.7104117274284363
363,0.9725470244884491
364,0.7434172034263611
365,0.4236363172531128
366,1.1407396793365479
367,1.389942467212677
368,0.4716070890426636
369,0.8744987547397614
370,1.0836218297481537
371,0.3270522207021713
372,0.4505539536476135
373,0.6992279291152954
374,0.32547615468502045
375,0.3422015905380249
376,1.370495229959488
377,0.7997793555259705
378,1.2365453094244003
379,0.9142719954252243
380,0.8035659268498421
381,0.8904724717140198
382,0.8377420902252197
383,0.8533596098423004
384,0.3339661955833435
385,0.8032923936843872
386,0.19613361358642578
387,0.2499135136604309
388,0.9350263774394989
389,1.031541109085083
390,0.7428870797157288
391,0.1825188249349594
392,1.690784990787506
393,0.8322930335998535
394,0.9974507242441177
395,0.05415910482406616
396,1.931042730808258
397,1.3231792747974396
398,1.2065840512514114
399,0.6792011559009552
400,1.6602274477481842
401,1.825064703822136
402,0.30943742394447327
403,1.244231790304184
404,1.2706148028373718
405,1.0075547099113464
406,1.5961040258407593
407,0.2716033160686493
408,0.06256593763828278
409,1.6416892111301422
410,1.5508288145065308
411,1.7383157312870026
412,1.5536494851112366
413,1.361803412437439
414,0.15731346607208252
415,0.30595147609710693
416,1.0922324508428574
417,0.9326472282409668
418,1.1212859153747559
419,0.16876628994941711
420,1.7452828884124756
421,0.8764426708221436
422,0.8445687294006348
423,1.3462660014629364
424,0.3536220192909241
425,1.0978466421365738
426,0.8573243319988251
427,0.9538265615701675
428,0.5466089695692062
429,1.3961951732635498
430,1.1011801101267338
431,1.0824077427387238
432,0.577156662940979
433,1.0902702510356903
434,1.12720987200737
435,1.2093254923820496
436,1.4120723009109497
437,0.6016656309366226
438,0.6557143330574036
439,1.7927847504615784
440,1.004938781261444
441,1.3171092867851257
442,0.6031778156757355
443,0.9237032756209373
444,0.8256783485412598
445,1.0446149110794067
446,0.39907895028591156
447,0.14630794525146484
448,1.105149894952774
449,1.0572514086961746
450,0.8998886346817017
451,0.4582393318414688
452,0.6581680774688721
453,1.0741850137710571
454,0.6367229223251343
455,0.4719807505607605
456,2.544772505760193
457,0.8647971153259277
458,0.25986385345458984
459,0.3341110348701477
460,0.3312801122665405
461,0.4806511700153351
462,0.27459412813186646
463,1.1455817073583603
464,0.5680970847606659
465,0.5253424346446991
466,0.4362145662307739
467,0.6365119814872742
468,2.0132092982530594
469,1.1221584379673004
470,0.3284250497817993
471,1.3170296549797058
472,0.8355230093002319
473,0.651531994342804
474,0.7045886218547821
475,0.7003752142190933
476,0.4173685908317566
477,0.3538932800292969
478,0.8202672600746155
479,0.9830558001995087
480,1.9174684286117554
481,0.6908696293830872
482,2.162829577922821
483,0.6651458963751793
484,1.1888157725334167
485,0.3717600107192993
486,0.3148684501647949
487,0.6434756517410278
488,0.717448890209198
489,0.9596139192581177
490,0.9149278998374939
491,0.7530661076307297
492,0.25193095207214355
493,0.42441439628601074
494,1.2869885861873627
495,0.688518114387989
496,0.5549437925219536
497,1.488273411989212
498,0.9816349744796753
499,0.4102332592010498
500,1.350300207734108
501,0.4103025794029236
502,1.4218754172325134
503,1.2017279267311096
504,1.5231266915798187
505,1.2356860041618347
506,0.3894834369421005
507,0.5246486067771912
508,0.35808610916137695
509,0.9627291858196259
510,1.5737183094024658
511,1.5599320828914642
512,0.38230085372924805
513,0.8344261348247528
514,1.5354764759540558
515,2.327019363641739
516,0.14989714324474335
517,1.5176379680633545
518,0.9487058520317078
519,0.6774137616157532
520,1.476891189813614
521,0.0786358118057251
522,1.4263330101966858
523,1.0333099663257599
524,1.3750452250242233
525,0.4018440544605255
526,0.5358166694641113
527,0.4946466088294983
528,1.2125639766454697
529,0.4469735473394394
530,0.523391842842102
531,0.40448492765426636
532,0.6241344511508942
533,0.3708888292312622
534,0.5364394783973694
535,1.800589144229889
536,1.1162771582603455
537,1.282980501651764
538,0.7768075466156006
539,0.2838033437728882
540,0.21547353267669678
541,0.9274263978004456
542,0.9715920686721802
543,0.8957222998142242
544,0.3908884823322296
545,0.8309940844774246
546,1.074554979801178
547,1.096361979842186
548,1.0338865667581558
549,0.5704286098480225
550,1.9168528467416763
551,0.3933991342782974
552,0.5362569689750671
553,0.955128014087677
554,0.5684693157672882
555,0.42561739683151245
556,0.5993943810462952
557,0.3484731912612915
558,0.8457657396793365
559,1.1790950298309326
560,0.6542494893074036
561,0.40449297428131104
562,0.8406243324279785
563,0.19075119495391846
564,0.7017439305782318
565,0.5788305848836899
566,0.5050265192985535
567,1.243685245513916
568,0.4783369302749634
569,0.8805781602859497
570,0.5821715593338013
571,1.1604605074971914
572,0.606891393661499
573,0.9050741344690323
574,0.35410013794898987
575,0.7968607246875763
576,1.0740488171577454
577,1.0399513840675354
578,0.74959796667099
579,2.826597213745117
580,0.4892742931842804
581,0.9869388937950134
582,0.9844487905502319
583,0.9885194897651672
584,0.9075882434844971
585,0.47283127903938293
586,0.3558836728334427
587,0.9283115863800049
588,0.8695233762264252
589,0.7910696864128113
590,0.885162316262722
591,1.1628032624721527
592,0.6270042657852173
593,1.6549801230430603
594,1.8650478571653366
595,0.7714867293834686
596,0.6980588436126709
597,0.7946105301380157
598,0.8519150018692017
599,0.8061223514378071
600,0.4291539788246155
601,1.0253031551837921
602,0.7714124321937561
603,0.7382237017154694
604,0.5264385342597961
605,0.4216825067996979
606,1.6910938024520874
607,0.6029880940914154
608,0.5317091345787048
609,0.20490038394927979
610,1.5566139221191406
611,0.4913043677806854
612,0.25677651166915894
613,0.5275659263134003
614,1.3450502827763557
615,0.8192088603973389
616,1.044874221086502
617,0.8832845091819763
618,0.7079709768295288
619,0.8220685422420502
620,1.1861342191696167
621,1.0754787921905518
622,0.9804977625608444
623,1.6598552018404007
624,1.1441780924797058
625,1.0807164907455444
626,2.120159611105919
627,0.5781595706939697
628,0.8897924423217773
629,0.31375234574079514
630,0.8864650130271912
631,0.6812249571084976
632,2.39731565117836
633,0.0865563154220581
634,0.49880141019821167
635,0.36338648200035095
636,0.5250303149223328
637,0.5460191369056702
638,0.7921940386295319
639,1.337636560201645
640,1.1619645357131958
641,1.2138996720314026
642,1.161713421344757
643,1.3063534870743752
644,0.9209253191947937
645,0.24225229024887085
646,1.0889817029237747
647,0.8689804673194885
648,1.0590733289718628
649,0.8312619850039482
650,0.6287577152252197
651,1.1345480978488922
652,1.167925849556923
653,1.172840878367424
654,1.8411235213279724
655,0.5662735998630524
656,0.5740178227424622
657,1.840682476758957
658,0.35905390977859497
659,0.6960930228233337
660,1.4698709398508072
661,1.006705105304718
662,0.3660013973712921
663,0.6661326438188553
664,0.42505890876054764
665,1.7161958366632462
666,0.9128806293010712
667,0.6459431648254395
668,0.9456825852394104
669,1.526546448469162
670,0.8981554135680199
671,0.9434217214584351
672,1.765811026096344
673,0.49369558691978455
674,0.4772232174873352
675,0.9799757897853851
676,0.9727050065994263
677,0.6159143596887589
678,1.6582362055778503
679,2.369740769267082
680,1.143506109714508
681,1.1091765761375427
682,0.9471276700496674
683,0.7681657075881958
684,1.1941754817962646
685,1.2114267945289612
686,1.2315877676010132
687,0.6037217378616333
688,0.6459203660488129
689,1.2451117187738419
690,0.814095675945282
691,0.10574615001678467
692,1.7597392201423645
693,1.502781867980957
694,1.5583538115024567
695,0.8542907238006592
696,0.2845916152000427
697,0.9454586505889893
698,0.5706796944141388
699,1.4482579827308655
700,0.5872504711151123
701,1.796870231628418
702,1.5295354723930359
703,1.999263048171997
704,0.39160799980163574
705,0.5716627836227417
706,1.9670741558074951
707,0.5166575908660889
708,1.4427540302276611
709,0.7273761034011841
710,0.6401720941066742
711,1.302849292755127
712,1.0894962549209595
713,1.5756047368049622
714,1.0791510343551636
715,1.0512535870075226
716,0.9541257619857788
717,1.4879960119724274
718,2.0360414385795593
719,1.0143800377845764
720,0.7500170767307281
721,0.9682494401931763
722,0.8801295757293701
723,2.478268653154373
724,2.9378666281700134
725,0.9078480005264282
726,1.8665360808372498
727,0.6902593970298767
728,0.10872548818588257
729,0.7444623708724976
730,1.473875492811203
731,0.6230465173721313
