EpisodeID,Reward,Timestep
0,0.8697860836982727,1
0,0.7123569250106812,2
0,0.6294689774513245,3
0,0.642690896987915,4
0,0.6671465635299683,5
0,0.7197059988975525,6
0,0.6652718782424927,7
0,0.47804883122444153,8
0,0.4620722830295563,9
0,0.4779684841632843,10
0,0.5232122540473938,11
0,0.5068042874336243,12
0,0.40601009130477905,13
0,0.34257790446281433,14
0,0.17555540800094604,15
0,-0.06594617664813995,16
1,-0.21753565967082977,17
1,1.027940034866333,18
1,0.9126476049423218,19
1,0.7373237013816833,20
1,0.5694549679756165,21
1,0.44936853647232056,22
1,0.3858156204223633,23
1,0.4557435214519501,24
1,0.40995705127716064,25
1,0.11591532081365585,26
1,0.02117069996893406,27
1,-0.09272083640098572,28
1,-0.21486014127731323,29
1,-0.29254451394081116,30
1,-0.4264041781425476,31
2,-0.577196478843689,32
2,0.9238341450691223,33
2,0.8623882532119751,34
2,0.8433311581611633,35
2,0.874773383140564,36
2,0.8809650540351868,37
2,0.9005919694900513,38
2,1.0592029094696045,39
2,1.1776636838912964,40
2,1.2856050729751587,41
2,1.4796977043151855,42
2,1.6561658382415771,43
2,1.5847846269607544,44
2,1.3711613416671753,45
2,1.3529714345932007,46
2,1.3782618045806885,47
3,1.4343724250793457,48
3,0.9465150833129883,49
3,0.8794221878051758,50
3,0.755833089351654,51
3,0.6347364783287048,52
3,0.740044355392456,53
3,0.7553476095199585,54
3,0.7032363414764404,55
3,0.7405250072479248,56
3,0.6646507382392883,57
3,0.5394129157066345,58
3,0.46099376678466797,59
3,0.4786023795604706,60
3,0.46733716130256653,61
4,0.4079327881336212,62
4,1.0204676389694214,63
4,0.9767764806747437,64
4,0.9298058152198792,65
4,0.9128797650337219,66
4,0.8271504640579224,67
4,0.6880015134811401,68
4,0.3996288776397705,69
4,0.1749681681394577,70
4,0.1868121474981308,71
4,0.059889864176511765,72
4,-0.14873024821281433,73
4,-0.21107368171215057,74
5,-0.1735127866268158,75
5,0.8992956876754761,76
5,0.7492156624794006,77
5,0.7587867379188538,78
5,0.8925745487213135,79
5,0.9825782775878906,80
5,1.0190507173538208,81
5,0.9327593445777893,82
5,0.715937077999115,83
5,0.508229672908783,84
5,0.3795234262943268,85
5,0.3145627975463867,86
5,0.24176616966724396,87
5,0.10796263068914413,88
5,0.009447574615478516,89
5,0.06675521284341812,90
5,0.07938718795776367,91
5,0.02893027290701866,92
5,-0.08378227800130844,93
5,-0.26840516924858093,94
5,-0.398924320936203,95
5,-0.48285919427871704,96
5,-0.49171164631843567,97
6,-0.40472254157066345,98
6,0.9491717219352722,99
6,0.911751389503479,100
6,0.9749792814254761,101
6,0.9411875009536743,102
6,0.7406508326530457,103
6,0.6633121371269226,104
6,0.6616876125335693,105
6,0.4337121546268463,106
6,0.1451306939125061,107
6,-0.029941800981760025,108
6,0.0032179600093513727,109
6,-0.05685155466198921,110
7,-0.12464238703250885,111
7,0.9979769587516785,112
7,0.8774582743644714,113
7,0.7575092315673828,114
7,0.695507824420929,115
7,0.5329464077949524,116
7,0.39319056272506714,117
7,0.24599523842334747,118
8,0.044503163546323776,119
8,1.080265760421753,120
8,1.043881893157959,121
8,0.894379198551178,122
8,0.8695794343948364,123
8,0.9150033593177795,124
8,0.8215489983558655,125
8,0.6227707266807556,126
8,0.4081813395023346,127
8,0.29950541257858276,128
8,0.185613214969635,129
8,0.12884162366390228,130
8,0.2502540349960327,131
8,0.2563020586967468,132
8,-0.03689016401767731,133
8,-0.3033059239387512,134
8,-0.4895423352718353,135
8,-0.6223706007003784,136
9,-0.6749909520149231,137
9,1.078155517578125,138
9,1.0733792781829834,139
9,0.9576467871665955,140
9,0.7715566754341125,141
9,0.6331343650817871,142
9,0.5473931431770325,143
9,0.5151245594024658,144
9,0.4211302101612091,145
9,0.28548821806907654,146
9,0.23059433698654175,147
10,0.132409006357193,148
10,0.9919778108596802,149
10,0.9235654473304749,150
10,0.9445763826370239,151
10,0.9596651196479797,152
10,0.9424498081207275,153
10,0.984824001789093,154
10,0.9230583906173706,155
10,0.6470045447349548,156
10,0.49569612741470337,157
10,0.4011722505092621,158
10,0.34010669589042664,159
10,0.2845570147037506,160
10,0.17170296609401703,161
10,0.16268402338027954,162
10,0.2374463826417923,163
10,0.18745455145835876,164
10,0.1621113270521164,165
10,0.28642648458480835,166
10,0.2959977984428406,167
10,0.22072279453277588,168
10,0.06413954496383667,169
10,-0.227005273103714,170
10,-0.2984048128128052,171
10,-0.09847110509872437,172
10,0.016637248918414116,173
10,0.07435916364192963,174
11,0.14113563299179077,175
11,1.019020915031433,176
11,1.0004630088806152,177
11,0.9458725452423096,178
11,0.8499288558959961,179
11,0.6626590490341187,180
11,0.5212872624397278,181
11,0.3244152069091797,182
11,0.025670353323221207,183
11,-0.21919432282447815,184
12,-0.388046532869339,185
12,0.9620085954666138,186
12,0.8837506771087646,187
12,0.7839248180389404,188
12,0.6931333541870117,189
12,0.6206527352333069,190
12,0.49004918336868286,191
12,0.3573172986507416,192
12,0.21113517880439758,193
13,0.06300926208496094,194
13,1.0569007396697998,195
13,1.0338863134384155,196
13,0.9075417518615723,197
13,0.7594142556190491,198
13,0.694248616695404,199
13,0.7790704369544983,200
13,0.922731876373291,201
13,0.9183068871498108,202
13,0.8095085620880127,203
13,0.7962889075279236,204
13,0.9301427006721497,205
13,1.0692843198776245,206
13,1.2193284034729004,207
13,1.1727932691574097,208
13,1.0636614561080933,209
13,1.2039936780929565,210
13,1.2794543504714966,211
13,1.1625466346740723,212
13,1.2019073963165283,213
13,1.346172571182251,214
13,1.4324475526809692,215
13,1.537638783454895,216
13,1.660500168800354,217
13,1.8734345436096191,218
13,1.9418638944625854,219
13,1.8691067695617676,220
13,1.8675708770751953,221
13,1.9106216430664062,222
13,1.8661856651306152,223
13,1.778648018836975,224
13,1.7182894945144653,225
13,1.6397826671600342,226
13,1.6953688859939575,227
13,1.7330591678619385,228
13,1.7941890954971313,229
14,1.85624098777771,230
14,1.0045738220214844,231
14,1.017693042755127,232
14,0.9902207255363464,233
14,0.9719634652137756,234
14,1.0636892318725586,235
14,1.1273318529129028,236
14,1.0252737998962402,237
14,0.9129994511604309,238
14,0.8285588026046753,239
14,0.8869162201881409,240
14,1.0011811256408691,241
14,0.9394850730895996,242
14,1.0161410570144653,243
14,1.0716536045074463,244
14,0.9607527852058411,245
14,0.8705150485038757,246
14,0.7626495957374573,247
14,0.7340011596679688,248
14,0.7293945550918579,249
14,0.6661191582679749,250
15,0.644756019115448,251
15,1.0253523588180542,252
15,1.0425444841384888,253
15,0.9575429558753967,254
15,0.8752449154853821,255
15,0.8692463636398315,256
15,0.8222796320915222,257
15,0.7479668259620667,258
15,0.6654926538467407,259
15,0.5625079274177551,260
15,0.3768690824508667,261
15,0.1345577836036682,262
15,0.03010879084467888,263
15,-0.07262828201055527,264
15,-0.2560737133026123,265
15,-0.4913630485534668,266
15,-0.6184711456298828,267
15,-0.7212825417518616,268
15,-0.9413076043128967,269
15,-0.9031714200973511,270
15,-0.8891738057136536,271
16,-1.0063899755477905,272
16,0.9774669408798218,273
16,0.8996044397354126,274
16,0.7694399952888489,275
16,0.693986713886261,276
16,0.6002703309059143,277
16,0.25225117802619934,278
16,0.04877379164099693,279
16,-0.02066422998905182,280
16,-0.22648589313030243,281
16,-0.3345721662044525,282
16,-0.49753931164741516,283
16,-0.7368147969245911,284
17,-0.7004027962684631,285
17,0.9847814440727234,286
17,0.9571746587753296,287
17,0.9163573980331421,288
17,0.877320408821106,289
17,0.7394884824752808,290
17,0.7036903500556946,291
17,0.5946733951568604,292
17,0.40636447072029114,293
17,0.18533459305763245,294
17,-0.07137563824653625,295
17,-0.21264448761940002,296
17,-0.31008049845695496,297
18,-0.31348949670791626,298
18,1.0058813095092773,299
18,0.9484672546386719,300
18,0.8509302139282227,301
18,0.8204103708267212,302
18,0.825653076171875,303
18,0.6591511964797974,304
18,0.4867536723613739,305
18,0.48315367102622986,306
18,0.39843904972076416,307
18,0.24576061964035034,308
18,0.27218249440193176,309
18,0.28079545497894287,310
18,0.02280701883137226,311
18,-0.24296239018440247,312
18,-0.2310003936290741,313
18,-0.04921678453683853,314
18,0.03484245017170906,315
18,0.014127198606729507,316
18,0.05030939355492592,317
18,0.17972145974636078,318
18,0.19450518488883972,319
18,0.0951760932803154,320
18,0.016335539519786835,321
18,0.017357362434267998,322
18,-0.06793288141489029,323
18,-0.16617022454738617,324
18,-0.15134446322917938,325
18,-0.15957291424274445,326
18,-0.3355497419834137,327
18,-0.5397676825523376,328
18,-0.5879408121109009,329
19,-0.6186197400093079,330
19,0.9620940685272217,331
19,0.8731607794761658,332
19,0.7345139384269714,333
19,0.6882930994033813,334
19,0.6716054677963257,335
19,0.6065189242362976,336
19,0.593425452709198,337
19,0.5424207448959351,338
19,0.36654770374298096,339
19,0.1915954351425171,340
20,0.015395700931549072,341
20,0.9485578536987305,342
20,0.8644819855690002,343
20,0.8987427353858948,344
20,0.899731457233429,345
20,0.8344933986663818,346
20,0.8320621252059937,347
20,0.7476315498352051,348
20,0.7169517874717712,349
20,0.7863423824310303,350
20,0.8315314054489136,351
20,0.7910395860671997,352
21,0.6267914772033691,353
21,1.011106252670288,354
21,0.9292863607406616,355
21,0.7880444526672363,356
21,0.6652086973190308,357
21,0.5399935245513916,358
21,0.4788961112499237,359
21,0.4498332738876343,360
21,0.4796799421310425,361
21,0.659113883972168,362
21,0.8621849417686462,363
21,0.9328646659851074,364
22,0.9654073715209961,365
22,1.0231250524520874,366
22,0.9384825229644775,367
22,0.8285893201828003,368
22,0.8702159523963928,369
22,0.9844755530357361,370
22,1.0200212001800537,371
22,0.9605083465576172,372
22,0.8696597218513489,373
22,0.8288110494613647,374
22,0.818598210811615,375
22,0.7096332311630249,376
22,0.48683053255081177,377
22,0.3069424033164978,378
22,0.20243048667907715,379
22,0.18202179670333862,380
23,0.10203037410974503,381
23,0.9309692978858948,382
23,0.8977825045585632,383
23,0.9498608112335205,384
23,0.9030376672744751,385
23,0.7761757373809814,386
23,0.6673678755760193,387
23,0.6025347113609314,388
23,0.5377672910690308,389
23,0.5301780104637146,390
23,0.4715732932090759,391
23,0.4062693417072296,392
23,0.37551170587539673,393
23,0.21063552796840668,394
24,0.09642744064331055,395
24,0.9318636655807495,396
24,0.8073817491531372,397
24,0.7030682563781738,398
24,0.6129629015922546,399
24,0.5807414054870605,400
24,0.6530135273933411,401
24,0.7237256765365601,402
24,0.5416303277015686,403
24,0.3200121819972992,404
24,0.3295048773288727,405
24,0.45158275961875916,406
24,0.588344395160675,407
24,0.670566201210022,408
24,0.6239944696426392,409
24,0.4193868637084961,410
24,0.21172121167182922,411
25,0.06460964679718018,412
25,1.0523713827133179,413
25,1.0997997522354126,414
25,1.0187041759490967,415
25,0.9305574297904968,416
25,0.906247079372406,417
25,0.8710918426513672,418
25,0.9368374943733215,419
25,1.0406243801116943,420
25,1.048716425895691,421
25,0.9703749418258667,422
25,0.725427508354187,423
25,0.5185075402259827,424
25,0.427764356136322,425
25,0.43247899413108826,426
25,0.4633241593837738,427
25,0.37419506907463074,428
25,0.3397514820098877,429
25,0.45972153544425964,430
25,0.5520754456520081,431
25,0.6017568707466125,432
25,0.7155793309211731,433
25,0.8002293109893799,434
25,0.846194326877594,435
25,0.865508496761322,436
25,0.7607385516166687,437
25,0.6609606742858887,438
25,0.6231229901313782,439
25,0.5564159750938416,440
25,0.41096946597099304,441
25,0.2957468032836914,442
25,0.2645936608314514,443
26,0.17659063637256622,444
26,1.0495504140853882,445
26,0.9935474991798401,446
26,0.9304171800613403,447
26,1.033755898475647,448
26,1.0582078695297241,449
26,1.065253734588623,450
26,1.0207005739212036,451
26,0.8533896207809448,452
26,0.6824503540992737,453
26,0.5797541737556458,454
26,0.6542929410934448,455
26,0.721600353717804,456
26,0.6745074987411499,457
26,0.45388081669807434,458
26,0.19844765961170197,459
26,0.07850713282823563,460
27,0.10196784138679504,461
27,0.9070239663124084,462
27,0.8472958207130432,463
27,0.8702290654182434,464
27,0.8751240372657776,465
27,0.842727780342102,466
27,0.7630475163459778,467
27,0.6728453040122986,468
27,0.6683998703956604,469
27,0.8451576828956604,470
27,1.1520649194717407,471
27,1.3793675899505615,472
27,1.3414795398712158,473
27,1.250071406364441,474
27,1.2874518632888794,475
27,1.3461679220199585,476
27,1.5160859823226929,477
27,1.6680244207382202,478
27,1.6177592277526855,479
27,1.5566281080245972,480
27,1.6764048337936401,481
27,1.7838785648345947,482
27,1.7706892490386963,483
27,1.755417823791504,484
27,1.6896296739578247,485
27,1.723513126373291,486
27,1.8418047428131104,487
27,1.9093077182769775,488
27,1.896543025970459,489
27,1.6572175025939941,490
27,1.3561654090881348,491
27,1.209019422531128,492
27,1.1017450094223022,493
27,0.9517886638641357,494
27,0.7762182354927063,495
27,0.6527496576309204,496
27,0.5956497192382812,497
27,0.5936961770057678,498
27,0.6526857018470764,499
27,0.540677547454834,500
27,0.4556652009487152,501
27,0.5878185033798218,502
28,0.6715252995491028,503
28,0.9629750847816467,504
28,0.8895366787910461,505
28,0.9139668941497803,506
28,1.0269029140472412,507
28,1.032753586769104,508
28,1.0562466382980347,509
28,1.0554711818695068,510
28,0.935577392578125,511
28,0.8946812748908997,512
28,0.980526328086853,513
28,0.9886049628257751,514
28,0.9709171652793884,515
28,0.9528419375419617,516
28,0.8409557342529297,517
28,0.7461856603622437,518
28,0.7304180264472961,519
28,0.5711391568183899,520
28,0.21110384166240692,521
29,-0.049610685557127,522
29,0.9948776364326477,523
29,0.9235062599182129,524
29,0.8752022981643677,525
29,0.8980158567428589,526
29,1.0449527502059937,527
29,1.2384350299835205,528
29,1.4131896495819092,529
29,1.2850674390792847,530
29,1.1067018508911133,531
29,0.9790628552436829,532
29,0.8426263332366943,533
29,0.728931188583374,534
29,0.6884145736694336,535
29,0.8042798042297363,536
29,0.950341522693634,537
29,0.8874373435974121,538
29,0.885661244392395,539
29,0.8684245347976685,540
30,0.7591208219528198,541
30,0.9537938237190247,542
30,0.939836323261261,543
30,0.982073187828064,544
30,1.0909693241119385,545
30,1.0909550189971924,546
30,0.9756890535354614,547
30,0.7986344695091248,548
30,0.640703558921814,549
30,0.46699339151382446,550
30,0.2566710114479065,551
30,0.16809675097465515,552
30,0.10187418013811111,553
30,-0.12398345023393631,554
30,-0.18869301676750183,555
31,-0.05838784575462341,556
31,0.9827455282211304,557
31,0.973151445388794,558
31,0.8661352396011353,559
31,0.7557592988014221,560
31,0.7104385495185852,561
31,0.708766520023346,562
31,0.8020858764648438,563
31,0.8457292318344116,564
31,0.8984086513519287,565
31,0.9298694729804993,566
31,0.9287450313568115,567
31,0.9547023177146912,568
31,0.8942501544952393,569
31,0.7338540554046631,570
31,0.5927515029907227,571
31,0.612883448600769,572
31,0.7717543840408325,573
31,0.8704932928085327,574
31,0.9115065932273865,575
31,0.8873459696769714,576
31,0.8503225445747375,577
31,0.8025091886520386,578
31,0.6777188181877136,579
31,0.49727511405944824,580
31,0.4410944879055023,581
31,0.34044381976127625,582
31,0.2915893793106079,583
31,0.32923486828804016,584
32,0.24604569375514984,585
32,0.9174590110778809,586
32,0.7245429158210754,587
32,0.6494977474212646,588
32,0.6149591207504272,589
32,0.47893399000167847,590
32,0.3010004758834839,591
32,0.1554349958896637,592
33,0.039281051605939865,593
33,0.8664540648460388,594
33,0.822618842124939,595
33,0.9044839143753052,596
33,0.803604006767273,597
33,0.7209967374801636,598
33,0.737838625907898,599
33,0.8153940439224243,600
33,0.8933812975883484,601
33,0.8266310095787048,602
33,0.6855392456054688,603
33,0.5779922008514404,604
33,0.40579649806022644,605
33,0.21054035425186157,606
33,0.11860476434230804,607
33,0.11195540428161621,608
33,0.13220557570457458,609
33,-0.041404444724321365,610
33,-0.23378369212150574,611
33,-0.1281643807888031,612
34,-0.06155247613787651,613
34,0.9595498442649841,614
34,0.875074565410614,615
34,0.7122834920883179,616
34,0.6559793949127197,617
34,0.6324320435523987,618
34,0.659991443157196,619
34,0.8104391694068909,620
34,0.7473479509353638,621
34,0.5826168656349182,622
34,0.5702404379844666,623
35,0.5680126547813416,624
35,0.9623861312866211,625
35,0.8723010420799255,626
35,0.7534497380256653,627
35,0.676232635974884,628
35,0.7093554139137268,629
35,0.7204805612564087,630
35,0.6808066368103027,631
35,0.6672364473342896,632
35,0.47211790084838867,633
35,0.31400349736213684,634
35,0.30831584334373474,635
35,0.35863444209098816,636
35,0.2964472472667694,637
35,0.07818222045898438,638
35,-0.02911396510899067,639
35,-0.03796888515353203,640
35,-0.029496479779481888,641
35,0.041134580969810486,642
35,-0.005785771179944277,643
35,-0.05677622929215431,644
36,-0.0005703952629119158,645
36,0.9795641899108887,646
36,0.9475895166397095,647
36,0.8332653641700745,648
36,0.8037573099136353,649
36,0.8948777318000793,650
36,0.860587477684021,651
36,0.8552021980285645,652
36,0.9543942809104919,653
36,0.9399422407150269,654
36,0.874265193939209,655
36,0.7666265964508057,656
36,0.5794764161109924,657
36,0.5723739266395569,658
36,0.5573574304580688,659
36,0.4963434040546417,660
36,0.5658134818077087,661
36,0.5397915244102478,662
36,0.5813292860984802,663
36,0.7932238578796387,664
36,0.9285053014755249,665
36,0.9678182005882263,666
36,0.9596816301345825,667
36,1.0010582208633423,668
36,1.0942507982254028,669
36,1.0762970447540283,670
36,1.0369480848312378,671
36,1.0182242393493652,672
36,0.9223170876502991,673
36,0.8711506724357605,674
36,0.790934681892395,675
36,0.6409753561019897,676
37,0.5101855397224426,677
37,0.9910574555397034,678
37,0.9434882402420044,679
37,0.8815237879753113,680
37,0.7478734850883484,681
37,0.6556687951087952,682
37,0.6214904189109802,683
37,0.6000127196311951,684
37,0.554894208908081,685
37,0.36937060952186584,686
37,0.18610931932926178,687
37,0.18231400847434998,688
37,0.05097644403576851,689
37,-0.07594075053930283,690
37,-0.12018103897571564,691
37,-0.06590501964092255,692
37,0.21476107835769653,693
37,0.2691771686077118,694
37,0.1873359978199005,695
37,0.1074679046869278,696
37,-0.020841939374804497,697
37,-0.07463884353637695,698
37,-0.10133159905672073,699
37,-0.14651186764240265,700
37,-0.18323266506195068,701
37,-0.35502851009368896,702
37,-0.6594001650810242,703
38,-0.8729907274246216,704
38,1.0005114078521729,705
38,1.0705586671829224,706
38,1.0665111541748047,707
38,1.0361859798431396,708
38,1.003747582435608,709
38,0.9839630126953125,710
38,0.9786080718040466,711
38,0.9575714468955994,712
38,0.8845334053039551,713
38,0.7759439945220947,714
38,0.8087963461875916,715
38,0.7713605165481567,716
38,0.8017401099205017,717
38,0.883486270904541,718
38,0.6588500738143921,719
38,0.5497689247131348,720
38,0.6310034990310669,721
38,0.4634016454219818,722
38,0.2784710228443146,723
38,0.23573876917362213,724
38,0.10164378583431244,725
38,0.0666923075914383,726
38,0.0835840180516243,727
38,-0.011509103700518608,728
38,-0.04940611869096756,729
39,0.028125304728746414,730
39,0.9361053109169006,731
39,0.7948028445243835,732
39,0.6835125684738159,733
39,0.6177778840065002,734
39,0.5388572216033936,735
39,0.5941309928894043,736
39,0.7271236777305603,737
39,0.7921099066734314,738
39,0.751254677772522,739
39,0.6450084447860718,740
39,0.6721619963645935,741
40,0.7945359945297241,742
40,1.016012191772461,743
40,0.9555483460426331,744
40,0.9305577278137207,745
40,0.9319735169410706,746
40,0.9423361420631409,747
40,0.8609002828598022,748
40,0.615911602973938,749
40,0.5215162634849548,750
40,0.6647294163703918,751
40,0.8045880794525146,752
40,1.0100382566452026,753
40,1.1424411535263062,754
40,1.0282866954803467,755
40,0.9584836363792419,756
40,0.9463298320770264,757
40,0.7972012162208557,758
40,0.6539089679718018,759
40,0.5270183086395264,760
40,0.3931658864021301,761
40,0.3340435326099396,762
40,0.2050008624792099,763
40,0.15423807501792908,764
41,0.12466216087341309,765
41,0.9229629039764404,766
41,0.9043715000152588,767
41,0.9609110951423645,768
41,0.9657411575317383,769
41,0.9012712240219116,770
41,0.8437995314598083,771
41,0.7935190796852112,772
41,0.7329214811325073,773
41,0.6821666955947876,774
42,0.6263468861579895,775
42,0.9338777661323547,776
42,0.8211681246757507,777
42,0.7733194828033447,778
42,0.8255906701087952,779
42,0.7493869662284851,780
42,0.5997254252433777,781
42,0.5105604529380798,782
42,0.4564063251018524,783
42,0.47819676995277405,784
42,0.4499397873878479,785
42,0.27661120891571045,786
42,0.17079374194145203,787
42,0.19395579397678375,788
42,0.23244018852710724,789
42,0.1789512038230896,790
42,0.08560921251773834,791
42,0.1159699410200119,792
42,0.14960990846157074,793
42,0.1885581612586975,794
42,0.16486920416355133,795
42,0.1612120270729065,796
43,0.24809618294239044,797
43,0.9120116829872131,798
43,0.910499095916748,799
43,0.9449841976165771,800
43,0.9537192583084106,801
43,0.9816464185714722,802
43,0.8068700432777405,803
43,0.7809303402900696,804
43,0.8476109504699707,805
43,0.7974758148193359,806
43,0.6506368517875671,807
44,0.5258575081825256,808
44,0.9934660196304321,809
44,1.0703182220458984,810
44,1.056985855102539,811
44,0.9841597080230713,812
44,1.0155822038650513,813
44,1.1360929012298584,814
44,1.190497875213623,815
44,1.093579649925232,816
44,0.9865828156471252,817
44,0.9741387963294983,818
44,0.9634302258491516,819
44,0.9251453280448914,820
44,1.0019029378890991,821
44,1.1929436922073364,822
44,1.417830467224121,823
44,1.443860411643982,824
44,1.380426287651062,825
44,1.2630548477172852,826
44,1.1706390380859375,827
45,1.1301324367523193,828
45,0.9305176138877869,829
45,0.8049099445343018,830
45,0.7142998576164246,831
45,0.544577419757843,832
45,0.3272378146648407,833
45,0.3449268341064453,834
45,0.5533532500267029,835
45,0.6846681237220764,836
45,0.8120210766792297,837
45,1.0041389465332031,838
45,1.1627748012542725,839
45,1.231237769126892,840
45,1.35893714427948,841
45,1.4588966369628906,842
45,1.5808457136154175,843
45,1.732931137084961,844
45,1.7790900468826294,845
45,1.9616870880126953,846
45,2.088637351989746,847
45,2.1220180988311768,848
45,2.0227584838867188,849
45,1.8184894323349,850
45,1.7448508739471436,851
45,1.897347092628479,852
45,2.1002421379089355,853
45,2.0784189701080322,854
45,1.9460700750350952,855
45,1.926429271697998,856
45,1.9854483604431152,857
45,1.93070650100708,858
45,1.7368618249893188,859
45,1.4730243682861328,860
45,1.3148187398910522,861
45,1.207311749458313,862
45,0.9338439106941223,863
45,0.7687723636627197,864
45,0.7000922560691833,865
45,0.668444812297821,866
45,0.6743018627166748,867
45,0.7079416513442993,868
45,0.6345234513282776,869
45,0.6325186491012573,870
45,0.7701491117477417,871
45,0.9012071490287781,872
45,1.0207788944244385,873
45,1.020470142364502,874
45,0.9142367839813232,875
46,0.7115365266799927,876
46,1.0027902126312256,877
46,1.0130902528762817,878
46,0.99893718957901,879
46,0.9830276370048523,880
46,0.9393346905708313,881
46,0.8299511075019836,882
46,0.7825849056243896,883
46,0.7395305633544922,884
46,0.56639564037323,885
46,0.23122400045394897,886
46,-0.015390288084745407,887
46,-0.008969745598733425,888
46,0.14456546306610107,889
46,0.2450481802225113,890
46,0.07739558815956116,891
47,-0.2064048796892166,892
47,1.0067331790924072,893
47,0.9147463440895081,894
47,0.9233279228210449,895
47,1.0836507081985474,896
47,1.2078731060028076,897
47,1.1128220558166504,898
47,1.001252293586731,899
47,0.9215484261512756,900
47,0.8365158438682556,901
47,0.7612056732177734,902
47,0.8051010370254517,903
47,0.8766316175460815,904
47,0.8961337208747864,905
47,0.958867073059082,906
47,1.0545929670333862,907
47,1.2639374732971191,908
47,1.2812588214874268,909
47,1.216378092765808,910
47,1.172762393951416,911
47,1.0386821031570435,912
47,1.1115068197250366,913
47,1.305749535560608,914
47,1.482040286064148,915
47,1.4978467226028442,916
47,1.5049428939819336,917
47,1.516126036643982,918
47,1.3834072351455688,919
47,1.3637011051177979,920
48,1.4891417026519775,921
48,0.9965798258781433,922
48,0.9033095836639404,923
48,0.8864313364028931,924
48,0.9577109813690186,925
48,0.8480190634727478,926
48,0.7918317317962646,927
48,0.8681759834289551,928
48,0.8232113718986511,929
48,0.7201007604598999,930
48,0.6590685248374939,931
48,0.7701190114021301,932
48,0.9729854464530945,933
48,1.0008809566497803,934
48,1.0388096570968628,935
48,1.1149793863296509,936
49,1.1840163469314575,937
49,1.0012823343276978,938
49,0.8635159730911255,939
49,0.6742134690284729,940
49,0.49168312549591064,941
49,0.4386557340621948,942
49,0.48206549882888794,943
49,0.4335155487060547,944
49,0.1713228076696396,945
49,-0.12777604162693024,946
50,-0.20361053943634033,947
50,1.0806305408477783,948
50,1.0214937925338745,949
50,0.8812925815582275,950
50,0.742386519908905,951
50,0.6309229731559753,952
50,0.5351701974868774,953
50,0.4694477915763855,954
50,0.14240464568138123,955
50,-0.10131355375051498,956
50,-0.244615837931633,957
51,-0.5341602563858032,958
51,1.0736401081085205,959
51,1.0165354013442993,960
51,1.0003571510314941,961
51,1.0415632724761963,962
51,0.927864670753479,963
51,0.8166148662567139,964
51,0.781120240688324,965
51,0.7760785222053528,966
51,0.7830911874771118,967
51,0.8182877898216248,968
51,0.8228850364685059,969
51,0.7638343572616577,970
51,0.8874213099479675,971
51,1.150144338607788,972
51,1.1879339218139648,973
51,1.1718884706497192,974
51,1.235947608947754,975
51,1.3205926418304443,976
51,1.491852045059204,977
51,1.478016972541809,978
51,1.383392572402954,979
51,1.3454623222351074,980
51,1.3062758445739746,981
51,1.25449538230896,982
51,1.3543775081634521,983
51,1.5537585020065308,984
51,1.7302337884902954,985
51,1.7466144561767578,986
51,1.7797659635543823,987
51,1.8001856803894043,988
51,1.5879327058792114,989
51,1.4691921472549438,990
51,1.4440451860427856,991
51,1.4451279640197754,992
51,1.456355094909668,993
51,1.4091541767120361,994
51,1.398086667060852,995
51,1.5255309343338013,996
51,1.5063457489013672,997
52,1.3262287378311157,998
52,0.9525027275085449,999
52,0.9350770115852356,1000
52,0.9198165535926819,1001
52,0.8973826766014099,1002
52,0.8621507883071899,1003
52,0.8691980838775635,1004
52,0.9516119956970215,1005
52,1.020499348640442,1006
52,1.0722745656967163,1007
52,1.1524981260299683,1008
52,1.266961932182312,1009
52,1.5177737474441528,1010
52,1.7800920009613037,1011
52,1.7427986860275269,1012
52,1.728190302848816,1013
52,1.7280737161636353,1014
52,1.6908419132232666,1015
52,1.6754952669143677,1016
52,1.641435146331787,1017
52,1.7086342573165894,1018
52,1.7230621576309204,1019
52,1.6793309450149536,1020
52,1.6190358400344849,1021
52,1.4723320007324219,1022
52,1.4512073993682861,1023
52,1.5418431758880615,1024
52,1.62767493724823,1025
52,1.6456780433654785,1026
52,1.593933343887329,1027
52,1.702944040298462,1028
52,1.9002379179000854,1029
52,2.0674290657043457,1030
52,2.0838539600372314,1031
52,1.9684548377990723,1032
52,1.9521678686141968,1033
52,1.9536552429199219,1034
52,1.977602481842041,1035
52,2.102895975112915,1036
52,2.1817896366119385,1037
52,2.2329323291778564,1038
52,2.4036526679992676,1039
52,2.5262415409088135,1040
52,2.4399967193603516,1041
52,2.2664856910705566,1042
52,2.153254508972168,1043
52,2.14957332611084,1044
52,2.162069320678711,1045
52,2.106163740158081,1046
52,2.1500885486602783,1047
52,2.34525990486145,1048
52,2.437791109085083,1049
52,2.472651720046997,1050
52,2.54441499710083,1051
52,2.546391248703003,1052
52,2.556959629058838,1053
52,2.6861965656280518,1054
53,2.996866226196289,1055
53,0.9184179902076721,1056
53,0.7622890472412109,1057
53,0.6519170999526978,1058
53,0.6043539047241211,1059
53,0.563340425491333,1060
53,0.4589496850967407,1061
53,0.2737051844596863,1062
53,0.07307328283786774,1063
53,-0.189547598361969,1064
53,-0.22723567485809326,1065
53,-0.15359778702259064,1066
53,-0.14820660650730133,1067
53,-0.15598371624946594,1068
53,-0.24511638283729553,1069
53,-0.30762436985969543,1070
54,-0.27637484669685364,1071
54,0.9899505376815796,1072
54,0.8858416676521301,1073
54,0.7389370203018188,1074
54,0.617682933807373,1075
54,0.6188186407089233,1076
54,0.6748543977737427,1077
54,0.6350362300872803,1078
54,0.6940702199935913,1079
54,0.7648520469665527,1080
54,0.7039802074432373,1081
54,0.624706506729126,1082
54,0.5026266574859619,1083
54,0.2702943980693817,1084
54,0.0069101471453905106,1085
55,-0.18845894932746887,1086
55,1.039737582206726,1087
55,1.055935025215149,1088
55,0.967041015625,1089
55,0.8685279488563538,1090
55,0.9282445311546326,1091
55,0.9775364398956299,1092
55,0.9612012505531311,1093
55,0.971202552318573,1094
55,1.0206776857376099,1095
55,1.0768886804580688,1096
55,0.9776459336280823,1097
55,0.8811669945716858,1098
55,0.8876676559448242,1099
55,0.7093817591667175,1100
55,0.3631330132484436,1101
55,-0.0003683521063067019,1102
55,-0.27526792883872986,1103
55,-0.47846734523773193,1104
55,-0.5344013571739197,1105
56,-0.5951179265975952,1106
56,0.9827905893325806,1107
56,0.8972678184509277,1108
56,0.8291338682174683,1109
56,0.7956622242927551,1110
56,0.8267119526863098,1111
56,0.7817419171333313,1112
56,0.5879170298576355,1113
56,0.5616438984870911,1114
56,0.5879185199737549,1115
56,0.586003839969635,1116
56,0.45244723558425903,1117
56,0.20521941781044006,1118
57,0.019288241863250732,1119
57,0.9242500066757202,1120
57,0.7411648035049438,1121
57,0.6383654475212097,1122
57,0.6536511182785034,1123
57,0.6615432500839233,1124
57,0.6148994565010071,1125
58,0.4576660990715027,1126
58,0.9776461720466614,1127
58,0.8843910694122314,1128
58,0.835345447063446,1129
58,0.7609664797782898,1130
58,0.7192410826683044,1131
58,0.7997012734413147,1132
58,0.8867466449737549,1133
58,0.9370766282081604,1134
58,0.8990994691848755,1135
58,0.842946469783783,1136
58,0.6376689672470093,1137
58,0.33567509055137634,1138
58,0.11752794682979584,1139
58,0.13478048145771027,1140
58,0.25523290038108826,1141
58,0.2220289558172226,1142
58,0.09985250234603882,1143
58,-0.041016653180122375,1144
59,-0.14366066455841064,1145
59,1.012231469154358,1146
59,0.942095160484314,1147
59,0.8060638308525085,1148
59,0.7061252593994141,1149
59,0.6717824339866638,1150
59,0.5826995372772217,1151
59,0.5799585580825806,1152
59,0.5420598387718201,1153
59,0.5280635952949524,1154
59,0.6770873069763184,1155
59,0.6678438186645508,1156
59,0.5503793358802795,1157
60,0.49904680252075195,1158
60,0.9530088305473328,1159
60,0.8861978054046631,1160
60,0.8916183114051819,1161
60,0.9724540114402771,1162
60,1.120593547821045,1163
60,1.1762266159057617,1164
60,1.1494172811508179,1165
60,1.0621026754379272,1166
60,0.8906563520431519,1167
60,0.6930502653121948,1168
60,0.6646314263343811,1169
60,0.5126076936721802,1170
60,0.4214264452457428,1171
60,0.4141630232334137,1172
60,0.21895962953567505,1173
60,0.05894283205270767,1174
60,-0.08685851842164993,1175
60,-0.2512335181236267,1176
60,-0.5269656181335449,1177
60,-0.6854930520057678,1178
60,-0.8078821897506714,1179
60,-0.8181461691856384,1180
60,-0.8479081988334656,1181
60,-0.9923090934753418,1182
60,-1.0588905811309814,1183
60,-1.1092071533203125,1184
61,-1.183031439781189,1185
61,0.933693528175354,1186
61,0.7551859021186829,1187
61,0.7461786866188049,1188
61,0.757400631904602,1189
61,0.6799612641334534,1190
61,0.7086412310600281,1191
61,0.4665905833244324,1192
61,0.08979304879903793,1193
62,-0.13456933200359344,1194
62,0.9801809787750244,1195
62,0.9303587079048157,1196
62,0.8505116105079651,1197
62,0.8365219831466675,1198
62,0.9077829718589783,1199
62,0.94153892993927,1200
62,0.973481297492981,1201
62,1.0906682014465332,1202
62,1.150099754333496,1203
62,0.9713921546936035,1204
62,0.7427276968955994,1205
62,0.5908511281013489,1206
62,0.32633745670318604,1207
62,0.18268701434135437,1208
62,0.133149191737175,1209
62,-0.0014162772567942739,1210
63,-0.14096958935260773,1211
63,0.9248273968696594,1212
63,0.7850202918052673,1213
63,0.6836963295936584,1214
63,0.597993791103363,1215
63,0.5159274935722351,1216
63,0.5109730362892151,1217
63,0.45833083987236023,1218
63,0.28379565477371216,1219
64,0.12416668981313705,1220
64,1.0185925960540771,1221
64,0.9575925469398499,1222
64,0.7727999687194824,1223
64,0.687312126159668,1224
64,0.6633678078651428,1225
64,0.6128336787223816,1226
64,0.5801540613174438,1227
64,0.4576316475868225,1228
64,0.3358829915523529,1229
64,0.29466140270233154,1230
64,0.3169032037258148,1231
64,0.20993976294994354,1232
65,0.01613493822515011,1233
65,1.0479522943496704,1234
65,1.039394497871399,1235
65,1.0125102996826172,1236
65,0.9084203839302063,1237
65,0.7429990768432617,1238
65,0.5975562334060669,1239
65,0.552246630191803,1240
65,0.6263220906257629,1241
65,0.6495224833488464,1242
65,0.5635806918144226,1243
65,0.4372323155403137,1244
65,0.4445323050022125,1245
65,0.46568945050239563,1246
65,0.4285130500793457,1247
66,0.4099482297897339,1248
66,1.0070445537567139,1249
66,1.0286701917648315,1250
66,1.0650826692581177,1251
66,1.0243473052978516,1252
66,0.8648976683616638,1253
66,0.7603532075881958,1254
66,0.6506044864654541,1255
66,0.6193850040435791,1256
66,0.6459618806838989,1257
66,0.5388574600219727,1258
67,0.3962891697883606,1259
67,1.0542914867401123,1260
67,1.0753780603408813,1261
67,0.9133650660514832,1262
67,0.8223778605461121,1263
67,0.8378604650497437,1264
67,0.8410017490386963,1265
67,0.9601864218711853,1266
67,0.9813008904457092,1267
67,1.021248698234558,1268
67,1.3400791883468628,1269
67,1.5729601383209229,1270
67,1.5429364442825317,1271
67,1.3631871938705444,1272
67,1.3760168552398682,1273
67,1.4797767400741577,1274
67,1.5269708633422852,1275
67,1.7247952222824097,1276
67,1.8141247034072876,1277
67,1.6727279424667358,1278
67,1.584248661994934,1279
67,1.5800461769104004,1280
67,1.639863133430481,1281
67,1.6840097904205322,1282
67,1.5232367515563965,1283
67,1.4295505285263062,1284
67,1.4288831949234009,1285
67,1.4352788925170898,1286
67,1.5269314050674438,1287
67,1.5461019277572632,1288
67,1.6200186014175415,1289
67,1.7750192880630493,1290
67,1.736242651939392,1291
67,1.528342604637146,1292
67,1.5254336595535278,1293
67,1.619990587234497,1294
67,1.564535140991211,1295
68,1.3512483835220337,1296
68,1.0132474899291992,1297
68,0.9896908402442932,1298
68,0.9608251452445984,1299
68,0.941355288028717,1300
68,0.8322850465774536,1301
68,0.6657698154449463,1302
68,0.6025251150131226,1303
68,0.6420474648475647,1304
68,0.624725341796875,1305
68,0.6449094414710999,1306
68,0.7433803081512451,1307
68,0.8053764700889587,1308
68,0.778299868106842,1309
68,0.6760984659194946,1310
68,0.6690173745155334,1311
69,0.7292953133583069,1312
69,1.002685785293579,1313
69,1.0039384365081787,1314
69,0.9836430549621582,1315
69,0.959026038646698,1316
69,0.9364190697669983,1317
69,0.8969523310661316,1318
69,0.7732429504394531,1319
69,0.6717644929885864,1320
69,0.511115550994873,1321
69,0.3232955038547516,1322
69,0.21011245250701904,1323
69,0.24088288843631744,1324
69,0.3631620407104492,1325
69,0.456708699464798,1326
69,0.4296143352985382,1327
69,0.31498104333877563,1328
69,0.23100337386131287,1329
69,0.12793965637683868,1330
69,-0.04181826487183571,1331
69,-0.27276530861854553,1332
70,-0.4707690477371216,1333
70,0.9872211813926697,1334
70,0.859082818031311,1335
70,0.6811346411705017,1336
70,0.6518635153770447,1337
70,0.7327718138694763,1338
70,0.7738537788391113,1339
70,0.8171631693840027,1340
70,0.8975403308868408,1341
70,0.9295743703842163,1342
70,0.8248789310455322,1343
70,0.6610181331634521,1344
71,0.5556442141532898,1345
71,0.9058003425598145,1346
71,0.7098907232284546,1347
71,0.5555163025856018,1348
71,0.48590442538261414,1349
71,0.40582722425460815,1350
71,0.33540675044059753,1351
72,0.21547305583953857,1352
72,1.0061233043670654,1353
72,0.9538735151290894,1354
72,0.9504290223121643,1355
72,0.9672885537147522,1356
72,1.0241750478744507,1357
72,0.9710296988487244,1358
72,0.9007907509803772,1359
72,1.0281027555465698,1360
72,1.1070729494094849,1361
72,1.0817896127700806,1362
72,1.006665587425232,1363
72,0.921308696269989,1364
72,0.9164696931838989,1365
72,1.0263086557388306,1366
72,1.0671517848968506,1367
72,0.9592247009277344,1368
73,0.7987258434295654,1369
73,0.982416033744812,1370
73,0.889416515827179,1371
73,0.8139070272445679,1372
73,0.6985033750534058,1373
73,0.5736727118492126,1374
73,0.6413454413414001,1375
73,0.8420320153236389,1376
73,0.9103814363479614,1377
73,0.7913792133331299,1378
73,0.5855163931846619,1379
73,0.4122738540172577,1380
73,0.4814395010471344,1381
73,0.46598029136657715,1382
73,0.327117383480072,1383
73,0.2180624157190323,1384
73,0.242814302444458,1385
74,0.37661170959472656,1386
74,0.994129478931427,1387
74,1.0671403408050537,1388
74,1.095546007156372,1389
74,0.9911781549453735,1390
74,0.9542003273963928,1391
74,1.0059198141098022,1392
74,1.0300978422164917,1393
74,1.0570180416107178,1394
74,0.9698072671890259,1395
74,0.894443154335022,1396
74,1.0267616510391235,1397
74,1.1645220518112183,1398
74,1.1874237060546875,1399
74,1.0510711669921875,1400
74,0.8529066443443298,1401
74,0.8732312917709351,1402
75,1.058534860610962,1403
75,0.910191535949707,1404
75,0.7586615681648254,1405
75,0.7662736177444458,1406
75,0.9283885955810547,1407
75,0.9742910265922546,1408
75,1.0284596681594849,1409
75,1.0297131538391113,1410
75,0.8441932201385498,1411
75,0.8176841735839844,1412
75,0.8704062104225159,1413
75,0.8765839338302612,1414
75,0.8345106244087219,1415
75,0.7072686553001404,1416
76,0.7204184532165527,1417
76,1.005725622177124,1418
76,1.0593277215957642,1419
76,0.9677964448928833,1420
76,0.8913725018501282,1421
76,0.8629903793334961,1422
76,0.779983639717102,1423
76,0.7747374773025513,1424
76,0.8470091223716736,1425
76,0.7869464755058289,1426
76,0.584233820438385,1427
76,0.3469964563846588,1428
76,0.1930074691772461,1429
77,0.23204182088375092,1430
77,1.0011160373687744,1431
77,0.9843124747276306,1432
77,0.8689114451408386,1433
77,0.8294981122016907,1434
77,0.8107406497001648,1435
77,0.6982306838035583,1436
77,0.6211690306663513,1437
77,0.5074253678321838,1438
77,0.5002769827842712,1439
77,0.5481118559837341,1440
78,0.44750866293907166,1441
78,0.9191522002220154,1442
78,0.913780927658081,1443
78,0.914638340473175,1444
78,0.733640730381012,1445
78,0.5948913097381592,1446
78,0.6128453612327576,1447
78,0.6824429631233215,1448
78,0.7717168927192688,1449
78,0.7922322750091553,1450
79,0.7534453272819519,1451
79,1.0017342567443848,1452
79,0.9968100786209106,1453
79,0.900685727596283,1454
79,0.8300850987434387,1455
79,0.8047229051589966,1456
79,0.7769445776939392,1457
79,0.68863844871521,1458
79,0.578637957572937,1459
79,0.5936177372932434,1460
79,0.4933410882949829,1461
79,0.2697698175907135,1462
79,0.13444529473781586,1463
79,0.24439243972301483,1464
79,0.3790385127067566,1465
79,0.29903724789619446,1466
79,0.07424186170101166,1467
79,-0.16647648811340332,1468
79,-0.2897278666496277,1469
80,-0.36817851662635803,1470
80,0.9104173183441162,1471
80,0.7561565041542053,1472
80,0.6392648816108704,1473
80,0.6932895183563232,1474
80,0.7412850260734558,1475
80,0.7395263314247131,1476
80,0.6899977326393127,1477
80,0.6287536025047302,1478
80,0.6003281474113464,1479
80,0.5429731607437134,1480
81,0.6420795917510986,1481
81,0.9840401411056519,1482
81,0.8972620964050293,1483
81,0.8652858138084412,1484
81,0.91904616355896,1485
81,0.9285454750061035,1486
81,0.9444188475608826,1487
81,0.8822444081306458,1488
81,0.5621166229248047,1489
81,0.19372402131557465,1490
81,-0.14622899889945984,1491
81,-0.3602153956890106,1492
81,-0.3217480778694153,1493
81,-0.2655641734600067,1494
81,-0.3158237636089325,1495
81,-0.4597770869731903,1496
82,-0.5562469959259033,1497
82,1.0171616077423096,1498
82,1.0837678909301758,1499
82,1.0626755952835083,1500
82,0.9880598783493042,1501
82,0.82612144947052,1502
82,0.6694566011428833,1503
82,0.7074770331382751,1504
82,0.6894989013671875,1505
82,0.49774330854415894,1506
82,0.2915330231189728,1507
82,0.14376065135002136,1508
82,0.01426759734749794,1509
82,0.011171020567417145,1510
82,-0.0128703061491251,1511
83,-0.07665888220071793,1512
83,1.0696722269058228,1513
83,1.0312451124191284,1514
83,0.9748446345329285,1515
83,0.9485859870910645,1516
83,0.9025935530662537,1517
83,0.9157893061637878,1518
83,0.9748459458351135,1519
83,1.0850282907485962,1520
83,1.2190625667572021,1521
83,1.266621708869934,1522
83,1.1920751333236694,1523
83,1.2330327033996582,1524
83,1.277444839477539,1525
83,1.2261497974395752,1526
83,1.1942732334136963,1527
83,1.0451408624649048,1528
83,0.9675295352935791,1529
83,1.025534987449646,1530
83,0.9616557955741882,1531
83,0.7876205444335938,1532
83,0.6464268565177917,1533
83,0.4359602928161621,1534
84,0.186155766248703,1535
84,0.9446863532066345,1536
84,0.8405001759529114,1537
84,0.6910098195075989,1538
84,0.7045906782150269,1539
84,0.8550917506217957,1540
84,0.7881320714950562,1541
84,0.7828940749168396,1542
84,0.9944285154342651,1543
84,1.0922588109970093,1544
84,1.1306849718093872,1545
84,1.1706840991973877,1546
84,1.2917778491973877,1547
84,1.467544436454773,1548
84,1.5466833114624023,1549
84,1.518272042274475,1550
84,1.4317892789840698,1551
84,1.308607816696167,1552
84,1.2448980808258057,1553
84,1.1475510597229004,1554
84,0.9474809765815735,1555
84,0.9135661125183105,1556
84,0.9326252937316895,1557
84,0.8746019601821899,1558
84,0.7707459926605225,1559
84,0.5955373644828796,1560
84,0.3508898913860321,1561
84,0.17495830357074738,1562
84,0.012752535752952099,1563
84,-0.14816755056381226,1564
85,-0.1854853630065918,1565
85,1.0154635906219482,1566
85,1.0407216548919678,1567
85,1.08564293384552,1568
85,1.0369093418121338,1569
85,0.9633497595787048,1570
85,0.8716251254081726,1571
85,0.8678753972053528,1572
85,0.8588396906852722,1573
85,0.7415790557861328,1574
85,0.6893438696861267,1575
85,0.7114288210868835,1576
85,0.5909900069236755,1577
85,0.5478225946426392,1578
86,0.6072454452514648,1579
86,1.0830144882202148,1580
86,1.0760810375213623,1581
86,1.0246540307998657,1582
86,0.9793441295623779,1583
86,0.8408637046813965,1584
86,0.6774982213973999,1585
86,0.6925165057182312,1586
86,0.8150562644004822,1587
86,0.7507655024528503,1588
86,0.7098270058631897,1589
86,0.6750894784927368,1590
86,0.6353482604026794,1591
86,0.7174440026283264,1592
86,0.6854566931724548,1593
86,0.629706859588623,1594
86,0.5775507688522339,1595
86,0.5028762817382812,1596
86,0.3427165150642395,1597
86,0.0794486477971077,1598
86,-0.1616126000881195,1599
86,-0.48096245527267456,1600
87,-0.6810553073883057,1601
87,0.9444735646247864,1602
87,0.9167237877845764,1603
87,0.8742402791976929,1604
87,0.7602745294570923,1605
87,0.7221565842628479,1606
87,0.7851513624191284,1607
87,0.8348311185836792,1608
87,0.8723617196083069,1609
87,0.8366491198539734,1610
87,0.6272056698799133,1611
87,0.5676189661026001,1612
87,0.6918563842773438,1613
87,0.7015315294265747,1614
87,0.5407475233078003,1615
87,0.46551060676574707,1616
87,0.4854668974876404,1617
87,0.5008499622344971,1618
88,0.46349215507507324,1619
88,0.9120106101036072,1620
88,0.9078353047370911,1621
88,0.923723042011261,1622
88,0.9517638683319092,1623
88,1.038649559020996,1624
88,1.1056827306747437,1625
88,1.2103347778320312,1626
88,1.1856064796447754,1627
88,1.136293888092041,1628
88,1.0050216913223267,1629
88,0.9313392639160156,1630
88,0.8462070226669312,1631
88,0.6360659599304199,1632
88,0.3720911145210266,1633
88,0.18960218131542206,1634
88,0.19068831205368042,1635
88,0.13452576100826263,1636
88,0.002342598047107458,1637
88,-0.20221513509750366,1638
89,-0.3035791218280792,1639
89,1.0269707441329956,1640
89,0.9943875074386597,1641
89,0.9701701402664185,1642
89,0.9496439099311829,1643
89,0.8046349287033081,1644
89,0.6584874391555786,1645
89,0.6142319440841675,1646
89,0.6694297790527344,1647
89,0.769371509552002,1648
89,0.76096111536026,1649
89,0.8126675486564636,1650
89,0.968205988407135,1651
89,1.0794841051101685,1652
89,1.2383825778961182,1653
89,1.420060396194458,1654
89,1.5189224481582642,1655
89,1.5948306322097778,1656
89,1.7160985469818115,1657
89,1.7808078527450562,1658
89,1.700528860092163,1659
89,1.6546330451965332,1660
89,1.6710151433944702,1661
89,1.728431224822998,1662
90,1.831616759300232,1663
90,0.982952356338501,1664
90,0.9597285389900208,1665
90,0.8532494306564331,1666
90,0.7079532742500305,1667
90,0.6308466792106628,1668
90,0.6093290448188782,1669
90,0.47482648491859436,1670
90,0.22177425026893616,1671
90,0.21611888706684113,1672
90,0.14346463978290558,1673
90,-0.14688177406787872,1674
90,-0.22698485851287842,1675
91,-0.14493444561958313,1676
91,0.998982310295105,1677
91,0.9858552813529968,1678
91,0.8959071636199951,1679
91,0.8434586524963379,1680
91,0.8988895416259766,1681
91,0.7920587658882141,1682
91,0.6226907968521118,1683
91,0.46722790598869324,1684
91,0.45337074995040894,1685
91,0.4470520317554474,1686
91,0.3844754695892334,1687
92,0.3801223635673523,1688
92,0.9904171824455261,1689
92,0.9392310976982117,1690
92,0.9088405966758728,1691
92,0.8230153918266296,1692
92,0.8047826886177063,1693
92,0.9955839514732361,1694
92,0.9212571382522583,1695
92,0.6663963794708252,1696
92,0.5090258717536926,1697
92,0.4039183259010315,1698
92,0.304528146982193,1699
92,0.27752411365509033,1700
92,0.22809144854545593,1701
92,0.26636460423469543,1702
92,0.3407152593135834,1703
92,0.17643487453460693,1704
93,0.03151322901248932,1705
93,0.9932249784469604,1706
93,0.9006406664848328,1707
93,0.7569972276687622,1708
93,0.7034267783164978,1709
93,0.6102381944656372,1710
93,0.5961146950721741,1711
93,0.6847448348999023,1712
94,0.6092759966850281,1713
94,0.9041277170181274,1714
94,0.7307397127151489,1715
94,0.5690191984176636,1716
94,0.4982640743255615,1717
94,0.42335569858551025,1718
94,0.27061405777931213,1719
94,0.22203297913074493,1720
94,0.21268434822559357,1721
94,0.22195200622081757,1722
94,0.29263836145401,1723
95,0.20358678698539734,1724
95,1.0813109874725342,1725
95,1.0145516395568848,1726
95,0.8971788287162781,1727
95,0.8578774333000183,1728
95,0.8707512021064758,1729
95,0.9067740440368652,1730
95,0.9680870175361633,1731
95,0.982384443283081,1732
95,0.7909774780273438,1733
95,0.6777514815330505,1734
95,0.7225461602210999,1735
95,0.552753210067749,1736
95,0.40928810834884644,1737
95,0.3236318826675415,1738
95,0.2781747877597809,1739
95,0.38975217938423157,1740
95,0.41818076372146606,1741
95,0.2928178012371063,1742
95,0.11053941398859024,1743
95,0.03698098286986351,1744
95,0.07585955411195755,1745
95,0.16565939784049988,1746
95,0.33872872591018677,1747
95,0.5195799469947815,1748
96,0.5714598894119263,1749
96,0.9383601546287537,1750
96,1.0106605291366577,1751
96,1.086637020111084,1752
96,1.0812984704971313,1753
96,1.0436557531356812,1754
96,1.0134248733520508,1755
96,1.0544363260269165,1756
96,1.102233648300171,1757
96,1.0839258432388306,1758
96,0.9899184107780457,1759
96,0.9289817214012146,1760
96,0.8969969749450684,1761
96,0.8136272430419922,1762
96,0.7734033465385437,1763
96,0.8870260119438171,1764
96,1.0083956718444824,1765
96,0.9119411110877991,1766
96,0.7329861521720886,1767
96,0.8104876279830933,1768
96,0.9077532887458801,1769
97,0.8221777677536011,1770
97,0.968621551990509,1771
97,0.9822298884391785,1772
97,1.0181031227111816,1773
97,0.9660100936889648,1774
97,1.0141687393188477,1775
97,1.0470662117004395,1776
97,1.0240896940231323,1777
97,1.088536024093628,1778
97,1.0593523979187012,1779
97,1.0072450637817383,1780
97,1.09958016872406,1781
97,1.1200660467147827,1782
97,1.0814237594604492,1783
97,1.221240758895874,1784
97,1.373997688293457,1785
97,1.3799635171890259,1786
97,1.456557273864746,1787
97,1.571336030960083,1788
97,1.662092924118042,1789
97,1.7356442213058472,1790
97,1.8158153295516968,1791
97,1.7721034288406372,1792
97,1.6586872339248657,1793
97,1.6009435653686523,1794
97,1.5676673650741577,1795
97,1.5795905590057373,1796
97,1.5731123685836792,1797
97,1.4893170595169067,1798
97,1.3473083972930908,1799
97,1.0645325183868408,1800
97,0.8978354334831238,1801
98,0.8054168224334717,1802
98,1.0202544927597046,1803
98,1.0091044902801514,1804
98,0.9870790243148804,1805
98,0.935118556022644,1806
98,0.8648903965950012,1807
98,0.8905434608459473,1808
98,0.9376776814460754,1809
98,1.0197917222976685,1810
98,1.05604887008667,1811
98,1.008783221244812,1812
98,0.870407223701477,1813
98,0.5882618427276611,1814
98,0.42837250232696533,1815
98,0.26019376516342163,1816
98,0.16849566996097565,1817
98,0.14162024855613708,1818
98,0.06992657482624054,1819
98,0.09070619940757751,1820
98,0.06198869273066521,1821
98,0.03663363307714462,1822
98,0.1815161257982254,1823
98,0.3682878315448761,1824
98,0.44076237082481384,1825
98,0.4576268196105957,1826
98,0.41252103447914124,1827
98,0.3231857717037201,1828
98,0.29625430703163147,1829
98,0.28426361083984375,1830
98,0.1590622067451477,1831
98,0.15264827013015747,1832
98,0.33693942427635193,1833
98,0.4063037037849426,1834
98,0.3523351550102234,1835
98,0.25144249200820923,1836
98,0.012916081584990025,1837
99,-0.0927852988243103,1838
99,1.1202505826950073,1839
99,1.1225154399871826,1840
99,1.001232624053955,1841
99,0.8882468938827515,1842
99,0.9125911593437195,1843
99,0.8909279704093933,1844
99,0.7145888209342957,1845
99,0.5771195292472839,1846
99,0.4538281559944153,1847
99,0.5093370079994202,1848
99,0.7051430940628052,1849
99,0.7281330823898315,1850
99,0.6372734904289246,1851
99,0.6323363780975342,1852
100,0.5362275838851929,1853
100,0.9426910877227783,1854
100,0.7849131226539612,1855
100,0.7486374974250793,1856
100,0.842767596244812,1857
100,0.7680894732475281,1858
100,0.6502454876899719,1859
100,0.6924723386764526,1860
100,0.6532224416732788,1861
101,0.5599887371063232,1862
101,0.9452650547027588,1863
101,0.899570107460022,1864
101,0.8670918345451355,1865
101,0.7915824055671692,1866
101,0.8075448274612427,1867
101,0.8143619894981384,1868
101,0.7477951049804688,1869
101,0.6624142527580261,1870
101,0.5939593315124512,1871
101,0.5608543157577515,1872
101,0.48538485169410706,1873
101,0.40074488520622253,1874
101,0.2702530026435852,1875
101,0.2684076130390167,1876
101,0.18410298228263855,1877
101,-0.054224997758865356,1878
101,-0.1986263394355774,1879
101,-0.20523583889007568,1880
102,-0.13940785825252533,1881
102,0.90989750623703,1882
102,0.8686599135398865,1883
102,0.84025639295578,1884
102,0.7866688966751099,1885
102,0.821578860282898,1886
102,0.8949987292289734,1887
102,1.0564581155776978,1888
102,1.112906575202942,1889
102,0.9024914503097534,1890
102,0.7481616139411926,1891
102,0.6583294868469238,1892
103,0.6452359557151794,1893
103,1.054675579071045,1894
103,1.0294368267059326,1895
103,0.9496163129806519,1896
103,0.8606492280960083,1897
103,0.7699070572853088,1898
103,0.7083746194839478,1899
103,0.6578015089035034,1900
103,0.659718930721283,1901
103,0.6413480043411255,1902
103,0.63506019115448,1903
104,0.6523250937461853,1904
104,0.9331570863723755,1905
104,0.8950513601303101,1906
104,0.8881335258483887,1907
104,0.835975170135498,1908
104,0.8933348059654236,1909
104,0.9316380620002747,1910
104,0.8269270062446594,1911
104,0.8443567752838135,1912
104,0.8630398511886597,1913
104,0.6546808481216431,1914
104,0.48272788524627686,1915
104,0.3007829487323761,1916
104,0.21270644664764404,1917
104,0.22325573861598969,1918
104,0.2831999659538269,1919
104,0.36620503664016724,1920
104,0.3393200933933258,1921
104,0.28949129581451416,1922
104,0.42088931798934937,1923
104,0.5493804216384888,1924
104,0.5305770039558411,1925
104,0.3087466061115265,1926
104,0.04136093705892563,1927
104,-0.14585080742835999,1928
104,-0.24440570175647736,1929
105,-0.45299339294433594,1930
105,0.9535053968429565,1931
105,0.9429157376289368,1932
105,1.0418012142181396,1933
105,1.0745575428009033,1934
105,1.0007888078689575,1935
105,0.9378998875617981,1936
105,0.8413898348808289,1937
105,0.7378779649734497,1938
105,0.683151364326477,1939
105,0.4234599173069,1940
105,0.13180071115493774,1941
105,0.09640767425298691,1942
105,0.2253081053495407,1943
105,0.20494087040424347,1944
105,0.09737975895404816,1945
105,0.018647510558366776,1946
105,-0.18088427186012268,1947
105,-0.504775881767273,1948
105,-0.850521981716156,1949
105,-0.962926983833313,1950
105,-0.9788259863853455,1951
105,-1.035436987876892,1952
106,-1.038587212562561,1953
106,1.0050071477890015,1954
106,0.9926365613937378,1955
106,0.9306829571723938,1956
106,0.9147205352783203,1957
106,1.037380576133728,1958
106,1.172522783279419,1959
106,1.2105060815811157,1960
106,1.2745088338851929,1961
106,1.3827917575836182,1962
106,1.5044039487838745,1963
106,1.5149190425872803,1964
106,1.48196280002594,1965
106,1.6150715351104736,1966
106,1.7029695510864258,1967
106,1.6357606649398804,1968
106,1.7013492584228516,1969
106,1.73412024974823,1970
106,1.6283677816390991,1971
106,1.7193634510040283,1972
106,1.6630527973175049,1973
106,1.5673166513442993,1974
106,1.544817328453064,1975
106,1.5194520950317383,1976
106,1.5819880962371826,1977
106,1.5387824773788452,1978
106,1.4412633180618286,1979
106,1.3639111518859863,1980
106,1.201682448387146,1981
106,1.1066521406173706,1982
106,1.1210912466049194,1983
106,1.1757205724716187,1984
106,1.1092555522918701,1985
106,0.8784266114234924,1986
106,0.8027483224868774,1987
107,0.7943764925003052,1988
107,0.9656453728675842,1989
107,0.8858768939971924,1990
107,0.9417082071304321,1991
107,1.080153226852417,1992
107,1.0270168781280518,1993
107,0.9913209080696106,1994
107,1.0138137340545654,1995
107,0.9878908395767212,1996
107,0.9816762208938599,1997
107,0.9056428074836731,1998
107,0.5824655294418335,1999
107,0.15961967408657074,2000
107,-0.07476378977298737,2001
107,-0.22304151952266693,2002
107,-0.2960759699344635,2003
107,-0.11823970079421997,2004
107,-0.10952230542898178,2005
107,-0.18210464715957642,2006
107,-0.16360285878181458,2007
107,-0.23811227083206177,2008
107,-0.3493514060974121,2009
108,-0.3608397841453552,2010
108,1.048448920249939,2011
108,1.0576518774032593,2012
108,0.9455476999282837,2013
108,0.8052406311035156,2014
108,0.8100210428237915,2015
108,0.9425937533378601,2016
108,0.925147533416748,2017
108,0.9059909582138062,2018
108,1.0409399271011353,2019
108,1.2212867736816406,2020
108,1.3242651224136353,2021
108,1.223671555519104,2022
108,1.2592840194702148,2023
108,1.5215237140655518,2024
108,1.736267328262329,2025
108,1.734849214553833,2026
108,1.621405839920044,2027
108,1.6169077157974243,2028
108,1.6521971225738525,2029
108,1.6649125814437866,2030
108,1.4917938709259033,2031
108,1.2445768117904663,2032
108,0.9234493374824524,2033
108,0.5941829681396484,2034
108,0.32706740498542786,2035
108,0.21707388758659363,2036
108,0.23665356636047363,2037
108,0.3336574137210846,2038
108,0.40071865916252136,2039
109,0.3954189717769623,2040
109,1.038509488105774,2041
109,0.9964344501495361,2042
109,0.8786181211471558,2043
109,0.8194652795791626,2044
109,0.8293777704238892,2045
109,0.8604050278663635,2046
109,0.8934419751167297,2047
109,0.9295172691345215,2048
