EpisodeID,Return
1,12.235274493694305
2,5.099924087524414
3,6.83700343221426
4,7.134740229463205
5,8.114975959062576
6,4.711028277873993
7,6.587979316711426
8,12.187750041484833
9,41.762356638908386
10,20.3679860830307
11,13.300637066364288
12,9.108520598616451
13,3.677740752696991
14,24.25668841600418
15,4.570406943559647
16,4.789946123957634
17,19.807079792022705
18,10.949874222278595
19,16.04485958814621
20,8.73952440393623
21,12.078658983111382
22,6.2936412543058395
23,21.451604783535004
24,17.35067965835333
25,5.307985823601484
26,24.65673452615738
27,18.2240709066391
28,6.334600595757365
29,9.11435455083847
30,4.670837163925171
31,9.676057815551758
32,8.937843203544617
33,55.06680315732956
34,21.8056583404541
35,12.494344651699066
36,2.909684419631958
37,8.441547513008118
38,8.416434165090322
39,12.607611298561096
40,4.944333836436272
41,7.302380695939064
42,5.371571660041809
43,7.211945481598377
44,9.414361905772239
45,8.522508681751788
46,4.226588394492865
47,7.720907986164093
48,5.0457919761538506
49,8.09128475189209
50,7.429886013269424
51,9.54144412279129
52,11.800027847290039
53,18.740210235118866
54,6.892585087567568
55,15.749372780323029
56,7.799280803417787
57,5.262577474117279
58,8.391403406858444
59,14.508524119853973
60,4.857510022819042
61,7.947127748280764
62,31.538385450839996
63,8.431445717811584
64,5.72024804353714
65,19.279848724603653
66,6.04942911863327
67,11.351432085037231
68,11.091660380363464
69,6.747904255986214
70,18.722111701965332
71,19.45189966261387
72,8.203500419855118
73,4.622272789478302
74,13.080486238002777
75,14.150165311992168
76,5.3853321969509125
77,4.927791804075241
78,22.94918406009674
79,4.608349561691284
80,24.467912018299103
81,10.718076825141907
82,7.22423853399232
83,4.007016368210316
84,19.081249378621578
85,6.869940459728241
86,11.327110052108765
87,4.024055898189545
88,7.576522866263986
89,9.390764474868774
90,12.382756024599075
91,7.098799958825111
92,12.082863748073578
93,9.874983131885529
94,6.775040984153748
95,7.218854456674308
96,7.720285952091217
97,18.337570190429688
98,11.207381784915924
99,7.294351786375046
100,14.543093144893646
101,6.93778086733073
102,8.585991114377975
103,16.53213256597519
104,7.926351547241211
105,4.604196380823851
106,20.45533460378647
107,6.583916753530502
108,7.987316608428955
109,12.8161940574646
110,10.964847847819328
111,17.481312088668346
112,11.703446388244629
113,41.84906196594238
114,11.036577761173248
115,6.8320940267294645
116,25.792573168873787
117,20.211913285776973
118,12.763022929430008
119,11.320844732224941
120,8.929617630317807
121,9.221220336854458
122,29.538705497980118
123,15.999806463718414
124,11.009603142738342
125,109.87676817178726
126,76.23880916833878
127,76.93925321102142
128,12.266564954072237
129,101.26526439189911
130,7.242082022130489
131,113.49998712539673
132,99.39374309778214
133,51.0837345123291
134,9.040502727031708
135,7.030777484178543
136,76.73062974214554
137,9.92123568058014
138,20.520817458629608
139,55.95162737369537
140,32.95010453462601
141,53.840049386024475
142,9.056235432624817
143,88.5054063796997
144,46.47527450323105
145,38.04591281712055
146,62.51016792654991
147,8.541863977909088
148,70.32810485363007
149,82.0976157784462
150,27.340221643447876
151,8.472513198852539
152,25.918697595596313
153,13.869938522577286
154,8.470722913742065
155,5.616493113338947
156,44.93653702735901
157,6.662982076406479
158,87.81440967321396
159,9.511635676026344
160,44.82675015926361
161,129.58689093589783
162,8.560901746153831
163,5.231500326655805
164,9.607589185237885
165,13.363543570041656
166,12.463874664157629
167,9.38778305053711
168,16.53192937374115
169,11.185476899147034
170,10.510451152920723
171,80.67171800136566
172,11.13471782207489
173,9.723496406339109
174,13.6807946190238
175,21.110677778720856
176,98.42000925540924
177,40.318355679512024
178,109.43382006883621
179,10.734963595867157
180,7.909911603666842
181,8.33040177822113
182,51.9829415678978
183,17.089899882674217
184,59.49296146631241
185,26.368164360523224
186,4.797674119472504
187,107.6367272734642
188,80.1951892375946
189,96.64036077260971
190,96.2044193148613
191,13.646198525791988
192,23.72399127483368
193,24.3838272690773
194,95.36394786834717
195,70.06327360868454
196,59.736019015312195
197,149.70650339126587
198,39.855045557022095
199,62.24678176641464
200,59.89742535352707
201,101.18511927127838
202,124.6103236079216
203,49.2127491235733
204,103.21223419904709
205,23.313908755779266
206,15.296805679798126
207,36.707493513822556
208,79.21588695049286
209,10.962829947471619
210,66.07548707723618
211,135.4238828420639
212,6.801185369491577
213,89.0233855843544
214,166.3538891673088
215,83.13833630084991
216,239.01860529184341
217,9.663483202457428
218,4.051417104899883
219,39.61802011728287
220,14.205127716064453
221,51.853629380464554
222,8.767824545502663
223,64.43579459190369
224,156.63244861364365
225,87.28169649839401
226,57.94959998130798
227,77.5305204987526
228,22.28523740172386
229,88.1042263507843
230,14.83333434164524
231,106.67253592610359
232,8.643163025379181
233,71.84292268753052
234,50.78904163837433
235,45.37040740251541
236,206.40100848674774
237,73.51733708381653
238,56.275403290987015
239,13.530151009559631
240,49.69763046503067
241,118.34583204984665
242,52.167109191417694
243,63.725624561309814
244,54.460212767124176
245,79.75477063655853
246,75.23266667127609
247,182.96964645385742
248,90.034816801548
249,13.858960390090942
250,61.1073722243309
251,53.466124176979065
252,74.33354073762894
253,100.28432714939117
254,78.44207614660263
255,156.82041424512863
256,69.90150964260101
257,23.948186576366425
258,76.87070626020432
259,66.47533410787582
260,72.28792345523834
261,178.3599750995636
262,60.78574621677399
263,158.03994607925415
264,31.394052863121033
265,51.20311665534973
266,66.44978320598602
267,97.83037954568863
268,43.91719871759415
269,75.69788664579391
270,19.881739497184753
271,59.929667830467224
272,47.38721579313278
273,41.898645877838135
274,87.80103921890259
275,81.89439284801483
276,53.06954652070999
277,60.180266976356506
278,50.26763582229614
279,47.92614072561264
280,83.99032878875732
281,254.764897108078
282,26.603201389312744
283,169.22594267129898
284,145.29416280984879
285,52.86705148220062
286,139.03981637954712
287,214.31233620643616
288,212.00133854150772
289,163.51377880573273
290,90.22936791181564
291,145.73362469673157
292,120.43925666809082
293,159.14667129516602
294,63.60362780094147
295,233.74807649850845
296,63.81912064552307
297,60.013224482536316
298,84.41574841737747
299,243.1108140349388
300,219.53886711597443
301,66.08478480577469
302,210.02864503860474
303,147.1385579109192
304,53.25930207967758
305,73.80425381660461
306,235.7098764181137
307,216.07680583000183
308,142.48193407058716
309,46.20659178495407
310,259.49856692552567
311,230.0734099149704
312,141.42288464307785
313,102.3856492638588
314,101.35556483268738
315,155.2142636179924
316,222.3615072965622
317,214.08935952186584
318,206.067029774189
319,217.20125895738602
320,212.44873523712158
321,185.33068251609802
322,239.21489596366882
323,209.8593785762787
324,223.06557220220566
325,141.4611201286316
326,111.43913555145264
327,198.97790259122849
328,115.93482172489166
329,23.548933446407318
330,109.46195256710052
331,182.24969947338104
332,227.97673386335373
333,203.6434943675995
334,132.57821452617645
335,225.95125478506088
336,218.89408373832703
337,229.51231962442398
338,212.36376321315765
339,209.96659404039383
340,217.29026317596436
341,77.69010257720947
342,220.66666895151138
343,135.20335364341736
344,217.12249314785004
345,244.4929802417755
346,221.84822607040405
347,209.73322176933289
348,233.49851059913635
349,222.35658580064774
350,213.13679540157318
351,228.50263369083405
352,192.50317704677582
353,221.23230504989624
354,228.22678953409195
355,256.1571078300476
356,207.53755295276642
357,241.6607801914215
358,229.5979225039482
359,179.37192338705063
360,251.72381567955017
361,208.48662889003754
362,161.43372118473053
363,220.8192687034607
364,223.03151559829712
365,223.40650409460068
366,241.346621632576
367,105.02817511558533
368,154.35978043079376
369,241.1331366300583
370,214.1709667444229
371,224.26804500818253
372,238.4928686618805
373,103.88007634878159
374,126.39308977127075
375,190.5859461426735
376,130.02649301290512
377,233.2312793135643
378,174.90303713083267
379,217.17860209941864
380,213.03044521808624
381,273.7218535542488
382,181.1774971485138
383,235.1415211558342
384,223.10131740570068
385,149.5674746632576
386,217.40242266654968
387,245.92826545238495
388,255.15988218784332
389,214.09560346603394
390,191.95276713371277
391,229.92814779281616
392,235.0812206864357
393,214.41052293777466
394,203.6026701927185
395,201.2453408241272
396,133.42345863580704
397,98.76118916273117
398,230.60505211353302
399,244.50382161140442
400,171.21146565675735
401,64.2218347787857
402,293.01386165618896
403,224.35340130329132
404,244.4163116812706
405,300.45879977941513
406,216.96736073493958
407,141.3178077340126
408,203.56783282756805
409,232.91304284334183
410,230.5444574356079
411,220.13518261909485
412,291.9352406859398
413,188.4814531803131
414,257.1225135922432
415,197.76066756248474
416,221.77260011434555
417,358.01023811101913
418,276.1431729197502
419,288.68600982427597
420,314.1507251262665
421,248.0305616259575
422,162.68540799617767
423,240.57395017147064
424,261.84737676382065
425,323.79881423711777
426,225.58998823165894
427,234.3432860970497
428,318.1841922402382
429,221.1639128923416
430,240.4914129972458
431,235.69332766532898
432,274.3152666091919
433,296.88449615240097
434,265.4398258328438
435,187.40051305294037
436,400.01574820280075
437,396.1660205721855
438,237.74262380599976
439,406.6934453845024
440,346.8525389432907
441,270.41947650909424
442,294.877150118351
443,253.8572660088539
444,269.11836791038513
445,302.9605386853218
446,341.3391061425209
447,290.7890914082527
448,382.7063083052635
449,394.00541710853577
450,396.8746782541275
451,164.98214882612228
452,319.7567580342293
453,365.86968249082565
454,388.1450442671776
455,354.41044521331787
456,619.7260009646416
457,383.41814947128296
458,344.3493900299072
459,348.49844163656235
460,368.00295627117157
461,184.2585322856903
462,335.5688366293907
463,482.8519831299782
464,352.6980417370796
465,174.14747887849808
466,330.58327877521515
467,430.9605904817581
468,309.78606563806534
469,355.2907667160034
470,404.6925614476204
471,343.78475534915924
472,385.69002735614777
473,325.22618329524994
474,382.92090064287186
475,406.5425196290016
476,323.9335133433342
477,460.87369525432587
478,704.9250355362892
479,444.64385771751404
480,508.01775455474854
481,383.5088846683502
482,357.7885642051697
483,352.2825875878334
484,392.7289550304413
485,233.45540577173233
486,553.8971712589264
487,468.54333049058914
488,327.31194227933884
489,555.2212258577347
490,392.1274403333664
491,415.92671996355057
492,332.05059760808945
493,506.1423130631447
494,231.8393834233284
495,399.2441410422325
496,549.7508994936943
497,369.3788551688194
498,294.66816729307175
499,344.25790297985077
500,424.67842823266983
501,417.4875330924988
502,468.4579006433487
503,355.2990617752075
504,445.8659362792969
505,773.583437204361
506,399.33260118961334
507,156.25491350889206
508,386.87372392416
509,537.4824705421925
510,359.312970161438
511,343.32753282785416
512,274.6249583363533
513,458.8677085340023
514,231.00922542065382
515,328.7796905338764
516,458.1842485666275
517,84.4086592644453
518,436.888630092144
519,289.3101447224617
520,239.0541684627533
521,551.2693012952805
522,464.91827684640884
523,403.19868713617325
524,439.25596219301224
525,232.46258252859116
526,93.24782902002335
527,238.07182866334915
528,577.7449188232422
529,333.7520868778229
530,541.4591301679611
531,734.7940648794174
532,82.1551923751831
533,808.310953438282
534,202.26628243923187
535,456.4321860074997
536,420.23168700933456
537,604.0466600060463
538,776.8200445175171
539,629.618938267231
540,426.3780081272125
541,177.23309683799744
542,620.9333491921425
543,363.22564017772675
544,572.3424707651138
545,470.95280224084854
546,339.0395313501358
547,374.257327914238
548,606.9906034469604
549,440.35205525159836
550,1032.1083627939224
551,289.1675115823746
552,244.30305153131485
553,581.0927344560623
554,313.1123962402344
555,376.86308670043945
556,288.9821395277977
557,415.59845209121704
558,495.5168655514717
559,339.2954941391945
560,611.5836777091026
561,647.6977305412292
562,424.52168053388596
563,773.73849183321
564,677.6450578570366
565,386.83381789922714
566,1016.4723472595215
567,146.42947858572006
568,372.5780116915703
569,387.48319214582443
570,731.923442363739
571,853.2791456580162
572,483.17624884843826
573,634.2244175672531
574,903.8319681286812
575,289.8400455713272
576,337.96761482954025
577,276.237473487854
578,408.97791063785553
579,891.5547215938568
580,697.8700243830681
581,212.34972554445267
582,586.3133326172829
583,812.4219722151756
584,754.0611397027969
585,280.226380944252
586,362.9682784676552
587,841.7135291099548
588,728.1523877382278
589,974.8979053497314
590,336.36847746372223
591,847.5082236528397
592,776.4722602367401
593,50.7475301027298
594,1098.1345829367638
595,967.1464641094208
596,326.8195698261261
597,840.1144364476204
598,904.4879103302956
599,984.7066556215286
600,596.5731758475304
601,508.1276645064354
602,605.0384755730629
603,766.0921133756638
604,481.1209239959717
605,408.70890098810196
606,853.8819420933723
607,343.84768867492676
608,280.13714361190796
609,542.3496841192245
610,1061.4511779546738
611,642.2808433175087
612,1006.3642086982727
613,1126.8334362506866
614,801.4440687894821
615,345.34304934740067
616,1339.1418608427048
617,763.2593793869019
618,814.9477217197418
619,907.1810712814331
620,926.7340945005417
621,669.0248025655746
622,802.2534207105637
623,612.7402163743973
624,925.6605324149132
625,399.7649198770523
626,397.0246198773384
627,1035.4898306131363
628,949.3704562187195
629,717.4930362701416
630,925.5602069497108
631,673.544887304306
632,843.8085148334503
633,943.1296402215958
634,1197.7991778850555
635,503.52078610658646
636,479.8484910726547
637,387.23819321393967
638,337.7249301671982
639,698.4948796033859
640,637.6744395494461
641,231.61120533943176
642,1132.8614647984505
643,620.426995754242
644,553.3728052973747
645,1274.6552426815033
646,912.0808921456337
647,947.2023531794548
648,1107.1856874227524
649,696.4293856620789
650,594.2843192815781
651,674.5572310090065
652,760.6569502353668
653,204.77552789449692
654,883.806541800499
655,974.829063296318
656,747.23546397686
657,210.59095633029938
658,908.3749847412109
659,236.64376431703568
660,1145.4269736409187
661,591.3276444673538
662,1225.2418619990349
663,1076.1672719717026
664,534.8711449503899
665,518.9791598320007
666,493.82218635082245
667,580.597575366497
668,1011.7846773862839
669,615.9652946591377
670,1034.8617188930511
671,1321.8480989933014
672,649.1207953691483
673,1162.0523361563683
674,1085.3827698230743
675,1012.3833974599838
676,1064.750512599945
677,1059.386347591877
678,842.2378066182137
679,1189.5177976489067
680,1317.4714069366455
681,1012.3102496862411
682,372.702525138855
683,1093.648297727108
684,230.4067286849022
685,714.0785111784935
686,783.1917017698288
687,1386.718854546547
688,1331.81504124403
689,342.9246444106102
690,440.5015907883644
691,1125.4094666838646
692,1280.926747560501
693,1010.0070184469223
694,856.4731129407883
695,1326.2173386216164
696,733.0554203987122
697,1079.328452885151
698,1494.2834464907646
699,953.951257944107
700,1275.2220674157143
701,672.0224783420563
702,1138.3178752660751
703,1174.4369212388992
704,1182.7810117006302
705,1324.8217242956161
706,689.6165304780006
707,1085.4883769750595
708,1197.4620907306671
709,1049.4259655475616
710,1057.9151420593262
711,1074.3328865170479
712,1115.6734039783478
713,1371.886808872223
714,1123.7031235694885
715,1368.2944718003273
716,1193.1496838331223
717,1024.231971859932
718,1094.4665751457214
719,876.489674448967
720,818.3060191273689
721,1000.6511736512184
722,693.2261847853661
723,1036.802686035633
724,610.5921986103058
725,1253.806320309639
726,335.1587737798691
727,1093.9829794764519
728,1123.1261204481125
729,980.5436666607857
730,833.6783650517464
731,1243.0583470463753
732,1078.500616133213
733,1174.9758625030518
734,849.824738740921
735,572.3765242099762
736,1183.918076634407
737,1013.7675654888153
738,1131.395550608635
739,1033.362919330597
740,1033.1939857006073
741,1419.0167844891548
742,1540.6383627057076
743,1166.8793454766273
744,865.5799493193626
745,1167.6670797467232
746,1448.418296098709
747,935.4372254610062
748,1351.0496236085892
749,1131.268851161003
750,179.1071171760559
751,943.8429822921753
752,1201.5746638774872
753,1057.947586297989
754,1179.1187177300453
755,1191.7589414715767
756,1171.9577720165253
757,1035.9090223312378
758,1098.3138456344604
759,1185.895089149475
760,1146.7373358011246
761,1371.062441110611
762,323.4643592238426
763,1262.3939632177353
764,1252.7751089334488
765,1042.3198775053024
766,1002.1851789951324
767,979.9616521596909
768,1149.54657715559
769,625.2647329568863
770,604.1204626560211
771,1038.358422756195
772,1419.0036661624908
773,1238.5772148370743
774,1100.3798476457596
775,1108.5741165876389
776,1153.7629790902138
777,1323.6294186115265
778,1093.2608020305634
779,1135.4804220795631
780,1222.5418553948402
781,1070.7484867572784
782,1003.4705431461334
783,1207.35901761055
784,1055.2587667703629
785,1341.528440117836
786,352.66258281469345
787,1191.8455220460892
788,1120.34743475914
789,1251.6541854143143
790,996.8365478515625
791,1124.787675857544
792,967.2271515130997
793,1204.3715726137161
794,1129.0067216157913
795,755.2307932376862
796,1143.4594857692719
797,1323.0218133330345
798,1153.705919623375
799,1320.5304037332535
800,1222.3172339200974
801,1015.2171317338943
802,1077.2875323295593
803,361.80831599235535
804,1144.675495147705
805,841.7838156223297
806,869.107991695404
807,697.8695174455643
808,1092.408396244049
809,747.7327414751053
810,1169.048960328102
811,335.79524010419846
812,985.4290808439255
813,466.51357024908066
814,1216.5823065042496
815,886.4558091163635
816,1021.6332642436028
817,596.5286017656326
818,1107.5526205897331
819,988.4466607570648
820,1307.8511600494385
821,1174.7784663438797
822,1155.9592955112457
823,392.58697402477264
824,1155.3545534014702
825,1101.639564216137
826,1179.788512468338
827,1090.8091307282448
828,1052.3394045829773
829,806.3851709365845
830,1113.6512764692307
831,1250.4957761764526
832,1153.1974367499352
833,1154.8185826539993
