Episode,ActionMeasure
1,1.085660994052887
2,2.0
3,2.0
4,1.277743935585022
5,2.0
6,1.162170648574829
7,1.7569677829742432
8,2.0
9,2.0
10,2.0
11,0.8669697940349579
12,1.3753787279129028
13,2.0
14,2.0
15,1.5070177912712097
16,2.0
17,2.0
18,2.0
19,1.421168327331543
20,2.0
21,2.0
22,2.0
23,1.5343058109283447
24,2.0
25,1.953701674938202
26,2.0
27,2.0
28,2.0
29,1.5526486039161682
30,2.0
31,1.3779895901679993
32,2.0
33,2.0
34,1.8809176683425903
35,2.0
36,1.0764614641666412
37,1.8344814777374268
38,2.0
39,2.0
40,1.0770880579948425
41,1.112405776977539
42,1.6178282499313354
43,2.0
44,2.0
45,2.0
46,2.0
47,2.0
48,2.0
49,2.0
50,2.0
51,1.893730640411377
52,2.0
53,2.0
54,2.0
55,1.612310767173767
56,2.0
57,2.0
58,2.0
59,1.9452136754989624
60,1.9131547212600708
61,2.0
62,1.9857128858566284
63,2.0
64,2.0
65,2.0
66,2.0
67,1.7160050868988037
68,2.0
69,0.9762289524078369
70,0.42274367809295654
71,1.571343183517456
72,2.0
73,1.3313535749912262
74,0.821395754814148
75,1.4644750952720642
76,2.0
77,2.0
78,2.0
79,1.4539292752742767
80,1.0881144404411316
81,2.0
82,2.0
83,2.0
84,0.8332201838493347
85,2.0
86,2.0
87,1.205581471323967
88,2.0
89,2.0
90,1.7129991054534912
91,2.0
92,2.0
93,2.0
94,1.1070594787597656
95,2.0
96,1.7808544635772705
97,1.5857112407684326
98,2.0
99,1.891789436340332
100,1.4388055801391602
1,2.0
2,2.0
3,1.8585922122001648
4,2.0
5,2.0
6,2.0
7,0.9960267543792725
8,1.6076828837394714
9,2.0
10,2.0
11,2.0
12,2.0
13,2.0
14,1.6950175762176514
15,1.5436614155769348
16,1.4270744621753693
17,2.0
18,2.0
19,2.0
20,2.0
21,2.0
22,2.0
23,2.0
24,1.385213851928711
25,2.0
26,1.6910532712936401
27,2.0
28,2.0
29,2.0
30,2.0
31,2.0
32,1.6334226727485657
33,2.0
34,2.0
35,2.0
36,2.0
37,2.0
38,2.0
39,2.0
40,2.0
41,1.7958573698997498
42,1.7423412203788757
43,2.0
44,2.0
45,2.0
46,2.0
47,2.0
48,2.0
49,1.7750213146209717
50,2.0
51,1.6230120658874512
52,2.0
53,2.0
54,2.0
55,0.8219440579414368
56,2.0
57,2.0
58,1.9173924922943115
59,0.8828036785125732
60,2.0
61,2.0
62,2.0
63,2.0
64,2.0
65,1.7274115085601807
66,1.3756858110427856
67,2.0
68,2.0
69,2.0
70,2.0
71,1.9927418231964111
72,2.0
73,2.0
74,1.8242242336273193
75,1.677557349205017
76,1.1082176268100739
77,1.4167324900627136
78,1.8271918296813965
79,2.0
80,2.0
81,2.0
82,2.0
83,2.0
84,1.8942838311195374
85,2.0
86,2.0
87,2.0
88,2.0
89,2.0
90,2.0
91,2.0
92,1.6928876638412476
93,2.0
94,2.0
95,2.0
96,2.0
97,2.0
98,1.779482364654541
99,2.0
100,2.0
1,2.0
2,2.0
3,2.0
4,1.2611119449138641
5,2.0
6,2.0
7,2.0
8,2.0
9,2.0
10,2.0
11,1.9760404825210571
12,2.0
13,2.0
14,2.0
15,2.0
16,2.0
17,2.0
18,2.0
19,0.23431521654129028
20,1.6208891868591309
21,2.0
22,2.0
23,2.0
24,2.0
25,2.0
26,2.0
27,2.0
28,2.0
29,2.0
30,2.0
31,2.0
32,2.0
33,1.718432068824768
34,2.0
35,2.0
36,2.0
37,2.0
38,2.0
39,2.0
40,2.0
41,2.0
42,1.2932791113853455
43,2.0
44,2.0
45,2.0
46,2.0
47,2.0
48,2.0
49,1.7861909866333008
50,2.0
51,2.0
52,2.0
53,2.0
54,2.0
55,2.0
56,2.0
57,2.0
58,2.0
59,2.0
60,2.0
61,2.0
62,2.0
63,2.0
64,1.7492311000823975
65,2.0
66,2.0
67,2.0
68,2.0
69,2.0
70,2.0
71,1.1440308094024658
72,2.0
73,2.0
74,1.299277901649475
75,2.0
76,2.0
77,1.8488906621932983
78,2.0
79,2.0
80,2.0
81,2.0
82,2.0
83,2.0
84,2.0
85,2.0
86,2.0
87,2.0
88,1.6366424560546875
89,1.0443415641784668
90,2.0
91,2.0
92,2.0
93,2.0
94,2.0
95,2.0
96,1.9954913258552551
97,2.0
98,2.0
99,2.0
100,2.0
1,2.0
2,1.9008230566978455
3,2.0
4,2.0
5,2.0
6,2.0
7,2.0
8,1.2926452159881592
9,2.0
10,2.0
11,2.0
12,2.0
13,2.0
14,2.0
15,2.0
16,1.981179118156433
17,2.0
18,2.0
19,2.0
20,1.9114123582839966
21,2.0
22,2.0
23,1.8206409215927124
24,2.0
25,1.9004336595535278
26,2.0
27,2.0
28,1.7692410349845886
29,2.0
30,2.0
31,1.4175791144371033
32,2.0
33,2.0
34,2.0
35,2.0
36,1.5735499262809753
37,1.0123010873794556
38,2.0
39,2.0
40,2.0
41,2.0
42,2.0
43,2.0
44,2.0
45,2.0
46,0.6476665735244751
47,1.6195532083511353
48,2.0
49,2.0
50,1.8590723276138306
51,2.0
52,2.0
53,2.0
54,1.2891640067100525
55,2.0
56,2.0
57,1.841284155845642
58,2.0
59,2.0
60,1.8199871182441711
61,2.0
62,2.0
63,2.0
64,1.916085124015808
65,0.5072348117828369
66,1.8157167434692383
67,1.0884995460510254
68,2.0
69,2.0
70,2.0
71,2.0
72,1.9378432631492615
73,2.0
74,2.0
75,2.0
76,2.0
77,2.0
78,2.0
79,2.0
80,2.0
81,2.0
82,2.0
83,1.9797792434692383
84,2.0
85,2.0
86,2.0
87,2.0
88,2.0
89,0.8345491886138916
90,2.0
91,2.0
92,2.0
93,2.0
94,2.0
95,2.0
96,2.0
97,1.907829999923706
98,2.0
99,2.0
100,1.8136204481124878
1,2.0
2,2.0
3,1.5472968816757202
4,2.0
5,2.0
6,2.0
7,2.0
8,0.8556602597236633
9,2.0
10,1.6397135853767395
11,2.0
12,2.0
13,1.6788030862808228
14,2.0
15,2.0
16,2.0
17,2.0
18,1.1715163588523865
19,1.9612679481506348
20,1.5638657212257385
21,2.0
22,2.0
23,2.0
24,2.0
25,2.0
26,2.0
27,2.0
28,2.0
29,2.0
30,2.0
31,2.0
32,2.0
33,1.7001292705535889
34,1.8574069738388062
35,1.9469679594039917
36,2.0
37,2.0
38,1.5980157256126404
39,1.3290758728981018
40,2.0
41,2.0
42,2.0
43,2.0
44,1.4248380959033966
45,2.0
46,2.0
47,2.0
48,1.575775146484375
49,2.0
50,2.0
51,2.0
52,2.0
53,1.5467214584350586
54,2.0
55,2.0
56,2.0
57,2.0
58,2.0
59,2.0
60,2.0
61,1.8657205700874329
62,1.6750509142875671
63,2.0
64,2.0
65,0.9028855562210083
66,2.0
67,2.0
68,2.0
69,2.0
70,2.0
71,1.860849142074585
72,2.0
73,2.0
74,1.7868525981903076
75,2.0
76,2.0
77,2.0
78,2.0
79,2.0
80,1.9024081826210022
81,1.5534684658050537
82,1.9119725227355957
83,2.0
84,2.0
85,1.4085599780082703
86,1.5827850103378296
87,0.7390708327293396
88,1.6002326011657715
89,2.0
90,2.0
91,1.7251269221305847
92,1.5523071885108948
93,2.0
94,1.8271062970161438
95,2.0
96,1.1347826719284058
97,2.0
98,2.0
99,2.0
100,2.0
