Episode,ActionMeasure
1,2.0
2,2.0
3,2.0
4,1.8765590190887451
5,1.2132379412651062
6,2.0
7,2.0
8,2.0
9,2.0
10,1.7877591848373413
11,2.0
12,2.0
13,1.7437810897827148
14,1.051126778125763
15,1.9965163469314575
16,2.0
17,2.0
18,2.0
19,2.0
20,2.0
21,2.0
22,1.9774382710456848
23,1.1568382680416107
24,2.0
25,2.0
26,2.0
27,2.0
28,1.1063637733459473
29,2.0
30,2.0
31,2.0
32,2.0
33,1.2745168209075928
34,2.0
35,1.756791114807129
36,1.4597188830375671
37,2.0
38,2.0
39,2.0
40,1.4443169832229614
41,2.0
42,1.8520774245262146
43,1.4910995960235596
44,2.0
45,2.0
46,1.630484253168106
47,1.7852347493171692
48,2.0
49,2.0
50,2.0
51,2.0
52,2.0
53,2.0
54,1.9255375862121582
55,2.0
56,2.0
57,2.0
58,0.9621145725250244
59,2.0
60,2.0
61,2.0
62,2.0
63,1.7704286575317383
64,2.0
65,2.0
66,1.171694040298462
67,2.0
68,1.7123669385910034
69,2.0
70,2.0
71,2.0
72,2.0
73,2.0
74,2.0
75,2.0
76,2.0
77,2.0
78,1.8449240922927856
79,2.0
80,2.0
81,2.0
82,2.0
83,2.0
84,2.0
85,1.9013643860816956
86,2.0
87,2.0
88,2.0
89,2.0
90,2.0
91,1.8878113627433777
92,2.0
93,2.0
94,2.0
95,1.7372913360595703
96,2.0
97,2.0
98,2.0
99,2.0
100,1.1130263209342957
1,2.0
2,1.9898651242256165
3,2.0
4,1.8830801248550415
5,2.0
6,2.0
7,2.0
8,2.0
9,1.3538980185985565
10,2.0
11,1.8635609149932861
12,2.0
13,2.0
14,2.0
15,2.0
16,0.9664190411567688
17,1.1073993816971779
18,2.0
19,2.0
20,2.0
21,2.0
22,2.0
23,2.0
24,2.0
25,2.0
26,2.0
27,2.0
28,2.0
29,2.0
30,2.0
31,2.0
32,2.0
33,1.3975853025913239
34,1.3481669425964355
35,2.0
36,2.0
37,1.4793499112129211
38,2.0
39,2.0
40,1.768190860748291
41,2.0
42,2.0
43,2.0
44,2.0
45,1.2044299840927124
46,1.8196425437927246
47,2.0
48,1.3653171062469482
49,2.0
50,2.0
51,2.0
52,2.0
53,1.529434084892273
54,2.0
55,1.9997145533561707
56,2.0
57,2.0
58,1.924935221672058
59,1.0065912008285522
60,2.0
61,1.9219954013824463
62,2.0
63,2.0
64,2.0
65,2.0
66,2.0
67,2.0
68,2.0
69,2.0
70,2.0
71,2.0
72,2.0
73,2.0
74,1.341892570257187
75,2.0
76,2.0
77,1.4582958221435547
78,2.0
79,2.0
80,2.0
81,2.0
82,2.0
83,2.0
84,1.249264121055603
85,1.3780485391616821
86,2.0
87,1.1449039727449417
88,2.0
89,2.0
90,2.0
91,1.6118770837783813
92,2.0
93,2.0
94,2.0
95,2.0
96,2.0
97,1.5172008275985718
98,2.0
99,2.0
100,2.0
1,2.0
2,1.9652864933013916
3,1.8871793746948242
4,2.0
5,2.0
6,2.0
7,2.0
8,1.2056404948234558
9,1.3494073748588562
10,2.0
11,1.6955775022506714
12,2.0
13,2.0
14,2.0
15,1.8142009973526
16,1.3751072883605957
17,2.0
18,2.0
19,2.0
20,1.5416916012763977
21,2.0
22,2.0
23,2.0
24,2.0
25,2.0
26,0.926507942378521
27,2.0
28,2.0
29,2.0
30,2.0
31,2.0
32,2.0
33,2.0
34,1.5762420296669006
35,2.0
36,2.0
37,1.144586205482483
38,2.0
39,2.0
40,2.0
41,2.0
42,2.0
43,1.468759298324585
44,2.0
45,1.6731681823730469
46,2.0
47,2.0
48,2.0
49,1.949089527130127
50,0.5672738552093506
51,2.0
52,2.0
53,2.0
54,2.0
55,2.0
56,2.0
57,1.7178736329078674
58,2.0
59,2.0
60,2.0
61,2.0
62,2.0
63,2.0
64,2.0
65,2.0
66,1.6751301288604736
67,2.0
68,2.0
69,0.37533658742904663
70,2.0
71,2.0
72,0.8686134219169617
73,2.0
74,2.0
75,1.8290075063705444
76,2.0
77,1.8698465824127197
78,1.983229398727417
79,1.2111032903194427
80,1.222737193107605
81,2.0
82,2.0
83,2.0
84,2.0
85,2.0
86,2.0
87,1.8639211654663086
88,2.0
89,2.0
90,1.9022647142410278
91,2.0
92,2.0
93,2.0
94,1.440543532371521
95,1.8382875621318817
96,2.0
97,2.0
98,2.0
99,2.0
100,2.0
1,2.0
2,2.0
3,2.0
4,2.0
5,2.0
6,2.0
7,2.0
8,1.891409158706665
9,2.0
10,2.0
11,2.0
12,2.0
13,2.0
14,2.0
15,2.0
16,2.0
17,1.933475136756897
18,2.0
19,2.0
20,2.0
21,2.0
22,2.0
23,2.0
24,2.0
25,2.0
26,1.4491214156150818
27,2.0
28,2.0
29,2.0
30,2.0
31,2.0
32,1.6079418659210205
33,1.1695690155029297
34,2.0
35,2.0
36,2.0
37,0.9548298865556717
38,2.0
39,1.9428216814994812
40,2.0
41,1.9204118251800537
42,2.0
43,1.9265656471252441
44,2.0
45,2.0
46,2.0
47,0.9845660924911499
48,2.0
49,1.6250131130218506
50,2.0
51,2.0
52,2.0
53,2.0
54,2.0
55,1.739822268486023
56,1.6160709857940674
57,2.0
58,2.0
59,2.0
60,1.834002435207367
61,2.0
62,2.0
63,2.0
64,1.5916694402694702
65,2.0
66,2.0
67,1.6937920451164246
68,2.0
69,2.0
70,1.866127848625183
71,2.0
72,2.0
73,2.0
74,2.0
75,2.0
76,2.0
77,2.0
78,2.0
79,2.0
80,1.8538168668746948
81,2.0
82,2.0
83,1.3489475846290588
84,0.7579257488250732
85,2.0
86,1.1228852272033691
87,2.0
88,1.2667826414108276
89,2.0
90,2.0
91,2.0
92,2.0
93,1.6369247734546661
94,2.0
95,2.0
96,2.0
97,2.0
98,1.07999849319458
99,1.6145116686820984
100,2.0
1,2.0
2,2.0
3,2.0
4,1.3907638192176819
5,2.0
6,2.0
7,1.9377633333206177
8,2.0
9,1.6874679327011108
10,2.0
11,2.0
12,2.0
13,2.0
14,2.0
15,2.0
16,2.0
17,2.0
18,1.1538018584251404
19,1.5562114715576172
20,1.207637906074524
21,1.4847313463687897
22,2.0
23,1.8607870936393738
24,2.0
25,2.0
26,2.0
27,2.0
28,2.0
29,2.0
30,2.0
31,2.0
32,1.7114912867546082
33,2.0
34,2.0
35,2.0
36,2.0
37,2.0
38,1.954278826713562
39,2.0
40,1.559138923883438
41,2.0
42,2.0
43,2.0
44,2.0
45,2.0
46,0.48972266912460327
47,1.8123639822006226
48,2.0
49,2.0
50,1.2264524698257446
51,1.8591134548187256
52,1.9410560131072998
53,2.0
54,2.0
55,2.0
56,2.0
57,2.0
58,2.0
59,1.7245557308197021
60,2.0
61,1.1770963966846466
62,2.0
63,2.0
64,2.0
65,2.0
66,2.0
67,1.9695584177970886
68,2.0
69,2.0
70,1.5038359761238098
71,2.0
72,2.0
73,0.7962605357170105
74,1.6592782735824585
75,2.0
76,2.0
77,2.0
78,2.0
79,1.4941311478614807
80,0.00555187463760376
81,2.0
82,2.0
83,2.0
84,1.5347002744674683
85,2.0
86,2.0
87,2.0
88,2.0
89,1.8363937139511108
90,1.296431303024292
91,2.0
92,1.6286036968231201
93,2.0
94,2.0
95,2.0
96,1.8190772533416748
97,2.0
98,2.0
99,0.7074114084243774
100,2.0
