EpisodeID,Reward,Timestep
0,0.9443656206130981,1
0,0.9038161039352417,2
0,0.9550986289978027,3
0,0.9546194672584534,4
0,1.0099538564682007,5
0,1.0163110494613647,6
0,0.924994170665741,7
0,0.9175365567207336,8
0,0.719758152961731,9
0,0.489132821559906,10
0,0.33991140127182007,11
0,0.11955045908689499,12
0,-0.09402639418840408,13
0,-0.1694524735212326,14
0,-0.024864045903086662,15
0,-0.03592590242624283,16
0,-0.08128615468740463,17
0,-0.030473751947283745,18
0,-0.1148393303155899,19
0,-0.19751223921775818,20
0,-0.10845872759819031,21
0,-0.13644476234912872,22
0,-0.15634867548942566,23
1,0.022493870928883553,24
1,0.9885714054107666,25
1,0.9475489854812622,26
1,0.9196729063987732,27
1,0.9525331258773804,28
1,0.9246988296508789,29
1,0.8931634426116943,30
1,0.7892574071884155,31
1,0.6400676369667053,32
1,0.6291868686676025,33
1,0.549962043762207,34
1,0.38844242691993713,35
1,0.18780528008937836,36
1,0.13406150043010712,37
1,-0.010879401117563248,38
1,-0.23340001702308655,39
1,-0.2698192298412323,40
1,-0.3736729323863983,41
1,-0.3910374641418457,42
1,-0.26428288221359253,43
1,-0.12719829380512238,44
2,-0.009975587017834187,45
2,1.0026097297668457,46
2,0.9453637599945068,47
2,0.8225090503692627,48
2,0.7339971661567688,49
2,0.7060344219207764,50
2,0.6059256196022034,51
2,0.5308408141136169,52
2,0.5822885632514954,53
2,0.6598557829856873,54
2,0.7629469633102417,55
2,0.9966309070587158,56
2,1.2428799867630005,57
3,1.4310905933380127,58
3,1.0605244636535645,59
3,0.9889592528343201,60
3,0.9167032837867737,61
3,0.9060062766075134,62
3,0.9207250475883484,63
3,0.9688978791236877,64
3,1.0232617855072021,65
3,1.0822722911834717,66
3,1.037285327911377,67
3,1.0031565427780151,68
3,1.1847387552261353,69
3,1.2101686000823975,70
3,1.2200158834457397,71
3,1.3921754360198975,72
3,1.3996244668960571,73
3,1.4828577041625977,74
3,1.6576875448226929,75
3,1.8182164430618286,76
3,2.0460877418518066,77
3,2.1036226749420166,78
3,1.9634974002838135,79
3,1.8254820108413696,80
3,1.6632753610610962,81
4,1.5550329685211182,82
4,0.9942902326583862,83
4,1.0090060234069824,84
4,1.0216503143310547,85
4,0.91095370054245,86
4,0.7841364145278931,87
4,0.7008578777313232,88
4,0.7165512442588806,89
4,0.8278608322143555,90
4,0.8094375133514404,91
4,0.7379105091094971,92
4,0.9020358324050903,93
4,0.9593742489814758,94
4,0.8531836867332458,95
4,0.8313872218132019,96
4,0.8758645057678223,97
4,0.8552696108818054,98
4,0.6843803524971008,99
5,0.5971435904502869,100
5,0.9371848702430725,101
5,0.8591428399085999,102
5,0.7870238423347473,103
5,0.7386691570281982,104
5,0.7933593988418579,105
5,0.9657903909683228,106
5,1.1214147806167603,107
5,1.0924993753433228,108
5,0.9548472166061401,109
5,0.7533270716667175,110
5,0.6036665439605713,111
5,0.47643542289733887,112
5,0.35665228962898254,113
6,0.34591349959373474,114
6,1.0163098573684692,115
6,1.0556836128234863,116
6,1.0852218866348267,117
6,1.063062071800232,118
6,0.9751404523849487,119
6,0.8699853420257568,120
6,0.837547242641449,121
6,0.7967682480812073,122
6,0.8653220534324646,123
6,0.9881132245063782,124
6,1.0016978979110718,125
6,0.8943727612495422,126
6,0.8240024447441101,127
6,0.8737519979476929,128
6,0.8802767395973206,129
6,0.8024805784225464,130
6,0.5893217921257019,131
6,0.27464380860328674,132
6,0.10421845316886902,133
6,0.07707451283931732,134
6,0.11277473717927933,135
6,0.20596913993358612,136
7,0.2662934362888336,137
7,0.9602891802787781,138
7,0.9851503968238831,139
7,1.0411900281906128,140
7,0.9636156558990479,141
7,0.9464758634567261,142
7,0.9949342012405396,143
7,0.9981028437614441,144
7,1.0412672758102417,145
7,1.0729910135269165,146
7,1.0810115337371826,147
7,1.1990609169006348,148
7,1.1954149007797241,149
7,0.9916836619377136,150
7,0.893746554851532,151
7,0.8512874841690063,152
7,0.6751953959465027,153
7,0.6210889220237732,154
7,0.48129862546920776,155
7,0.38299641013145447,156
7,0.4759957492351532,157
7,0.4177577793598175,158
7,0.2729213535785675,159
7,0.10878182202577591,160
7,0.021764354780316353,161
8,-0.04899297282099724,162
8,0.9066305756568909,163
8,0.8429805040359497,164
8,0.7766598463058472,165
8,0.7076120376586914,166
8,0.7637640833854675,167
8,0.7683541774749756,168
8,0.6609588861465454,169
8,0.5369532108306885,170
8,0.2831743359565735,171
8,0.2391212284564972,172
8,0.3753342628479004,173
9,0.33771568536758423,174
9,0.8932972550392151,175
9,0.8520780205726624,176
9,0.8286907076835632,177
9,0.8496970534324646,178
9,1.0325416326522827,179
9,0.9991335868835449,180
9,0.8858999013900757,181
9,0.8114628791809082,182
9,0.76238614320755,183
9,0.8248881697654724,184
9,0.7298216819763184,185
9,0.6697403788566589,186
9,0.6441158056259155,187
9,0.6672407388687134,188
9,0.7323758602142334,189
10,0.6781805157661438,190
10,0.9504111409187317,191
10,0.9296703934669495,192
10,0.9232227802276611,193
10,0.8817089200019836,194
10,0.8317771553993225,195
10,0.7372070550918579,196
10,0.6078975200653076,197
10,0.41476377844810486,198
11,0.3592562973499298,199
11,0.9598446488380432,200
11,0.928733766078949,201
11,0.9827051758766174,202
11,1.0109902620315552,203
11,1.0814003944396973,204
11,1.0788910388946533,205
11,1.0137481689453125,206
11,1.1269235610961914,207
11,1.262244701385498,208
11,1.419274091720581,209
11,1.4550094604492188,210
11,1.337862253189087,211
11,1.4121637344360352,212
11,1.529763102531433,213
11,1.6393927335739136,214
11,1.751705527305603,215
11,1.708828330039978,216
11,1.6387313604354858,217
11,1.6506351232528687,218
11,1.750954270362854,219
11,1.7929922342300415,220
11,1.726992130279541,221
11,1.6860753297805786,222
11,1.7621312141418457,223
11,1.912483811378479,224
11,2.1444575786590576,225
11,2.1616907119750977,226
11,1.949523687362671,227
11,1.8496819734573364,228
11,1.9382587671279907,229
11,2.0675406455993652,230
11,2.0168256759643555,231
11,2.0560226440429688,232
11,2.0861427783966064,233
11,2.0101449489593506,234
11,2.1390678882598877,235
11,2.381059169769287,236
11,2.5112698078155518,237
11,2.4064555168151855,238
11,2.3206818103790283,239
11,2.3642067909240723,240
11,2.4200894832611084,241
11,2.4627888202667236,242
11,2.5196728706359863,243
11,2.558195114135742,244
11,2.585206985473633,245
11,2.558879852294922,246
11,2.6962814331054688,247
11,3.064486503601074,248
12,3.211930751800537,249
12,0.9433159232139587,250
12,0.8460220098495483,251
12,0.7194143533706665,252
12,0.7160534858703613,253
12,0.8630260229110718,254
12,0.8925272822380066,255
12,0.8902255892753601,256
12,0.8866015672683716,257
12,0.7987886667251587,258
12,0.6338261365890503,259
12,0.6033247709274292,260
12,0.5809624791145325,261
12,0.5551334023475647,262
12,0.5956969261169434,263
12,0.5583916306495667,264
12,0.5333666801452637,265
12,0.5662822127342224,266
12,0.5428752303123474,267
12,0.4566887319087982,268
12,0.44078168272972107,269
12,0.5044283866882324,270
12,0.5233270525932312,271
12,0.38630861043930054,272
13,0.4060206711292267,273
13,1.0037970542907715,274
13,0.956866979598999,275
13,0.7946389317512512,276
13,0.6574538946151733,277
13,0.5951474905014038,278
13,0.45083996653556824,279
13,0.4164195954799652,280
13,0.4720689058303833,281
13,0.36731263995170593,282
13,0.3079930543899536,283
14,0.2903735637664795,284
14,0.9444310665130615,285
14,0.9346116781234741,286
14,1.0109503269195557,287
14,0.9755100607872009,288
14,0.941909670829773,289
14,0.8611001372337341,290
14,0.6964490413665771,291
14,0.5379080176353455,292
14,0.569599449634552,293
15,0.8061568140983582,294
15,0.9338188171386719,295
15,0.9434236288070679,296
15,1.0629926919937134,297
15,0.9521783590316772,298
15,0.9421680569648743,299
15,1.0802942514419556,300
15,0.9802284836769104,301
15,0.8319520354270935,302
15,0.8283887505531311,303
15,0.8389747142791748,304
15,0.7612797021865845,305
15,0.6327133774757385,306
15,0.44928640127182007,307
15,0.5056746602058411,308
15,0.5096875429153442,309
15,0.4060148000717163,310
15,0.3641687035560608,311
15,0.5113836526870728,312
15,0.7743332386016846,313
15,0.957703173160553,314
15,1.0545735359191895,315
15,1.0355560779571533,316
15,0.8657019138336182,317
15,0.7214212417602539,318
16,0.6853846311569214,319
16,1.0019214153289795,320
16,0.9606320261955261,321
16,0.9677717685699463,322
16,1.027090311050415,323
16,1.0166202783584595,324
16,0.9497197866439819,325
16,0.7980219125747681,326
16,0.6805784702301025,327
16,0.7403618693351746,328
16,0.8936049342155457,329
16,0.884799599647522,330
16,0.8707074522972107,331
16,1.0650736093521118,332
16,1.0853179693222046,333
16,0.9235585927963257,334
17,0.8420480489730835,335
17,0.9200593829154968,336
17,0.7714539170265198,337
17,0.569303035736084,338
17,0.4176301658153534,339
17,0.35887858271598816,340
17,0.3163273334503174,341
17,0.34098392724990845,342
18,0.4139491021633148,343
18,0.9136183857917786,344
18,0.8260166049003601,345
18,0.7850260734558105,346
18,0.7770624756813049,347
18,0.7050360441207886,348
18,0.6487111449241638,349
18,0.6023392677307129,350
18,0.568740963935852,351
18,0.6652169823646545,352
18,0.6626704931259155,353
18,0.6245685815811157,354
18,0.6367523074150085,355
18,0.6437126398086548,356
18,0.6247674226760864,357
18,0.5559261441230774,358
18,0.45795318484306335,359
18,0.507515549659729,360
18,0.4900105893611908,361
18,0.3522489666938782,362
18,0.40522170066833496,363
19,0.4517167806625366,364
19,0.990455150604248,365
19,0.9748162627220154,366
19,0.9111278057098389,367
19,0.7836988568305969,368
19,0.6647912859916687,369
19,0.745015025138855,370
19,0.882526159286499,371
19,0.8746439218521118,372
19,0.893071711063385,373
19,0.992081344127655,374
19,1.0646804571151733,375
19,1.166717529296875,376
19,1.3232120275497437,377
19,1.286434531211853,378
19,1.1968138217926025,379
19,1.2794134616851807,380
19,1.5384416580200195,381
19,1.7403676509857178,382
19,1.811659574508667,383
19,1.9827325344085693,384
19,2.1636154651641846,385
19,2.28255033493042,386
19,2.3035666942596436,387
19,2.2088563442230225,388
19,2.151460647583008,389
19,2.0927608013153076,390
19,2.0510072708129883,391
19,1.9962016344070435,392
19,1.9700850248336792,393
19,1.9031802415847778,394
19,1.7890491485595703,395
19,1.7830498218536377,396
19,1.7856621742248535,397
19,1.6776587963104248,398
19,1.6166714429855347,399
19,1.6721099615097046,400
19,1.8167701959609985,401
19,1.985660195350647,402
19,2.021803140640259,403
19,2.1146557331085205,404
19,2.270374298095703,405
19,2.3829309940338135,406
19,2.4772613048553467,407
19,2.6523289680480957,408
19,2.773120403289795,409
19,2.808450937271118,410
19,3.027740001678467,411
19,3.2171363830566406,412
19,3.344172239303589,413
19,3.5327699184417725,414
19,3.6928470134735107,415
19,3.772099733352661,416
19,3.824126958847046,417
19,3.686656951904297,418
19,3.384775400161743,419
19,3.160576820373535,420
19,3.074275016784668,421
19,3.0674779415130615,422
19,3.0851731300354004,423
19,3.1127548217773438,424
19,3.218508720397949,425
20,3.4334750175476074,426
20,1.0027570724487305,427
20,0.9005532264709473,428
20,0.8926615118980408,429
20,1.0178792476654053,430
20,1.0672986507415771,431
20,0.9367110133171082,432
20,0.9053437113761902,433
20,0.9705830812454224,434
20,1.0467067956924438,435
20,0.9989485740661621,436
20,1.0257993936538696,437
20,1.1343247890472412,438
20,1.173880696296692,439
20,1.24307119846344,440
20,1.2418794631958008,441
20,1.3162697553634644,442
20,1.5077420473098755,443
20,1.493143081665039,444
20,1.5324314832687378,445
21,1.757375955581665,446
21,0.9703303575515747,447
21,0.8031660318374634,448
21,0.7592359185218811,449
21,0.741091251373291,450
21,0.6249557733535767,451
21,0.5632673501968384,452
21,0.5223339796066284,453
21,0.5508052706718445,454
21,0.6024165153503418,455
21,0.6686086654663086,456
21,0.6032673716545105,457
21,0.44315001368522644,458
21,0.3283594250679016,459
21,0.3081148564815521,460
21,0.18394380807876587,461
21,-0.053262073546648026,462
21,-0.14371146261692047,463
22,-0.1599634736776352,464
22,1.040433645248413,465
22,1.0408194065093994,466
22,1.0270453691482544,467
22,0.9901497960090637,468
22,0.9901669025421143,469
22,1.0515249967575073,470
22,1.0836982727050781,471
22,1.0743898153305054,472
22,1.0606956481933594,473
22,1.1764482259750366,474
22,1.2632534503936768,475
22,1.357404351234436,476
22,1.4788397550582886,477
22,1.4734456539154053,478
22,1.4635977745056152,479
22,1.462885856628418,480
22,1.4001463651657104,481
22,1.4662450551986694,482
22,1.4359023571014404,483
22,1.3567290306091309,484
23,1.3611751794815063,485
23,0.9604191780090332,486
23,0.9143087863922119,487
23,0.9300345778465271,488
23,1.0296608209609985,489
23,1.0384652614593506,490
23,0.9681876301765442,491
23,0.8872747421264648,492
23,0.763857364654541,493
23,0.6969688534736633,494
23,0.7539173364639282,495
23,0.6591284275054932,496
23,0.49181368947029114,497
23,0.3670719563961029,498
23,0.1858663260936737,499
23,0.12169482558965683,500
24,0.1349361538887024,501
24,0.9467993378639221,502
24,0.902727484703064,503
24,1.000514268875122,504
24,1.0887025594711304,505
24,1.11148202419281,506
24,1.190146803855896,507
24,1.142999529838562,508
24,1.079525351524353,509
24,0.9736829996109009,510
24,0.788540244102478,511
24,0.6307501196861267,512
24,0.4987277090549469,513
24,0.41989031434059143,514
24,0.4668765068054199,515
24,0.6026006937026978,516
24,0.5919721722602844,517
25,0.5171395540237427,518
25,0.9984509348869324,519
25,0.9354201555252075,520
25,0.9475952386856079,521
25,0.9560647010803223,522
25,0.8800720572471619,523
25,0.8788431286811829,524
25,0.784519612789154,525
25,0.7291649580001831,526
25,0.8430271148681641,527
25,0.9231873750686646,528
25,0.9262509346008301,529
25,0.8998716473579407,530
25,0.8277358412742615,531
26,0.6564728021621704,532
26,0.969052791595459,533
26,0.8776394724845886,534
26,0.8314347863197327,535
26,0.806377649307251,536
26,0.8120300769805908,537
26,0.916753888130188,538
26,1.0072003602981567,539
26,1.0235096216201782,540
26,0.9136021733283997,541
26,0.7002543210983276,542
26,0.6162295341491699,543
26,0.49681276082992554,544
26,0.19782137870788574,545
26,0.013283275999128819,546
26,-0.03559304401278496,547
26,-0.2075120210647583,548
26,-0.35789746046066284,549
26,-0.5103743076324463,550
27,-0.5427666306495667,551
27,0.9403854608535767,552
27,0.8595075011253357,553
27,0.9030966758728027,554
27,0.9178681373596191,555
27,0.9185165166854858,556
27,0.8823489546775818,557
27,0.8235194683074951,558
27,0.7828342318534851,559
27,0.5092867016792297,560
27,0.14208538830280304,561
27,-0.015882328152656555,562
27,0.022433094680309296,563
27,0.11156336218118668,564
28,0.13490578532218933,565
28,1.043109655380249,566
28,1.0479336977005005,567
28,0.9332881569862366,568
28,0.8774512410163879,569
28,0.9406889081001282,570
28,1.0560905933380127,571
28,1.1664111614227295,572
28,1.1855404376983643,573
28,1.054883360862732,574
28,0.8897639513015747,575
28,0.7765803933143616,576
28,0.5915902256965637,577
28,0.37292858958244324,578
28,0.19785121083259583,579
28,0.18518760800361633,580
28,0.3456479609012604,581
28,0.4128320515155792,582
28,0.39367973804473877,583
28,0.4334530532360077,584
28,0.4385206401348114,585
28,0.32982906699180603,586
28,0.23201383650302887,587
28,0.16358143091201782,588
28,0.14285114407539368,589
28,0.06460390985012054,590
29,-0.11195969581604004,591
29,0.9448086023330688,592
29,0.9873720407485962,593
29,1.0080770254135132,594
29,0.8934764862060547,595
29,0.8914234042167664,596
29,0.9816133975982666,597
29,0.9073536396026611,598
29,0.686148464679718,599
29,0.5827897191047668,600
29,0.5269083380699158,601
29,0.36413395404815674,602
29,0.15797020494937897,603
29,0.01274990662932396,604
29,-0.19596485793590546,605
30,-0.370033323764801,606
30,0.9498966336250305,607
30,0.9451571106910706,608
30,0.9233283996582031,609
30,0.8936999440193176,610
30,0.8226230144500732,611
30,0.7189598083496094,612
30,0.5591626167297363,613
30,0.45796704292297363,614
30,0.6006803512573242,615
30,0.6333730220794678,616
30,0.623673141002655,617
30,0.5144615173339844,618
30,0.34199970960617065,619
30,0.2735210657119751,620
30,0.27388879656791687,621
30,0.3307775557041168,622
30,0.4949391186237335,623
30,0.5170685648918152,624
30,0.36605340242385864,625
30,0.21597252786159515,626
30,0.25990012288093567,627
30,0.2714225649833679,628
30,0.24071615934371948,629
30,0.23076950013637543,630
30,0.25898879766464233,631
30,0.2222498208284378,632
30,0.3508419096469879,633
30,0.6209927201271057,634
30,0.7381277680397034,635
30,0.650224506855011,636
30,0.4850912392139435,637
30,0.4453316628932953,638
30,0.47702065110206604,639
30,0.577603280544281,640
30,0.6314598917961121,641
30,0.6031928658485413,642
30,0.6036060452461243,643
30,0.6158575415611267,644
31,0.5337351560592651,645
31,1.0647687911987305,646
31,1.0441882610321045,647
31,0.9608114957809448,648
31,0.9478740692138672,649
31,0.9539585113525391,650
31,0.8543711304664612,651
31,0.7271530032157898,652
31,0.5972176790237427,653
31,0.59721839427948,654
31,0.7251613140106201,655
31,0.6825147271156311,656
31,0.5640180110931396,657
31,0.439060777425766,658
31,0.2413763701915741,659
31,0.1255205124616623,660
31,0.013515548780560493,661
31,-0.10988610237836838,662
32,0.0069161648862063885,663
32,0.9970496892929077,664
32,0.9898930191993713,665
32,0.9648353457450867,666
32,0.8996279835700989,667
32,0.8224466443061829,668
32,0.8087180852890015,669
32,0.7652091979980469,670
32,0.7060238122940063,671
32,0.5801357626914978,672
32,0.4424646496772766,673
32,0.3204194903373718,674
32,0.2565425932407379,675
32,0.09651023149490356,676
33,-0.09383021295070648,677
33,0.9530035257339478,678
33,0.8983253836631775,679
33,0.9022843837738037,680
33,0.8476380109786987,681
33,0.7743428349494934,682
33,0.7576660513877869,683
33,0.6908466815948486,684
33,0.6899136900901794,685
33,0.700247585773468,686
33,0.5499783158302307,687
34,0.4539514482021332,688
34,1.0413711071014404,689
34,1.0252190828323364,690
34,0.9696098566055298,691
34,0.8942985534667969,692
34,0.8660023212432861,693
34,0.928231418132782,694
34,0.930864691734314,695
34,0.881723165512085,696
34,0.839594841003418,697
34,0.727044403553009,698
34,0.6428583860397339,699
34,0.5060114860534668,700
34,0.36153942346572876,701
34,0.23985086381435394,702
34,0.041785288602113724,703
35,-0.031663570553064346,704
35,1.04110848903656,705
35,1.028612494468689,706
35,0.9969356060028076,707
35,0.9770164489746094,708
35,0.9347425699234009,709
35,0.8724274635314941,710
35,0.8685545325279236,711
35,0.8306059241294861,712
35,0.7239735126495361,713
35,0.7289221286773682,714
35,0.7258793115615845,715
35,0.7389253973960876,716
35,0.8051036596298218,717
35,0.6461718678474426,718
35,0.5863953828811646,719
35,0.7729062438011169,720
35,0.7421814799308777,721
35,0.5838192105293274,722
35,0.5720645189285278,723
35,0.5057900547981262,724
35,0.23179221153259277,725
35,0.10973857343196869,726
35,0.03706536814570427,727
35,0.0353889986872673,728
35,0.12043427675962448,729
35,0.04039371758699417,730
35,-0.01700305938720703,731
35,-0.05046767741441727,732
35,0.012281187810003757,733
35,-0.014782940968871117,734
35,-0.09772857278585434,735
35,-0.20203636586666107,736
35,-0.3076930344104767,737
36,-0.39848798513412476,738
36,0.9841940402984619,739
36,0.9283188581466675,740
36,0.8965892791748047,741
36,0.9422546625137329,742
36,0.947110116481781,743
36,0.9506188035011292,744
36,0.9652738571166992,745
36,0.9004100561141968,746
36,0.8745408654212952,747
36,1.001810073852539,748
36,1.0258179903030396,749
36,0.8965422511100769,750
36,0.9996532201766968,751
36,1.06292724609375,752
36,0.8523210287094116,753
36,0.6202070713043213,754
36,0.6353384852409363,755
36,0.7516395449638367,756
37,0.6873548626899719,757
37,0.9750083088874817,758
37,0.9870777726173401,759
37,0.9465360045433044,760
37,0.8637995719909668,761
37,0.8303109407424927,762
37,0.800683856010437,763
37,0.7712292671203613,764
37,0.5826817154884338,765
37,0.4314953088760376,766
37,0.27012088894844055,767
37,-0.01327516883611679,768
37,-0.0330207422375679,769
37,0.11587399989366531,770
37,0.1737007051706314,771
37,0.23433975875377655,772
37,0.09345795959234238,773
37,-0.16495123505592346,774
37,-0.2063456028699875,775
37,-0.04574281722307205,776
37,-0.05826137587428093,777
37,-0.18462592363357544,778
37,-0.2315485179424286,779
38,-0.18182455003261566,780
38,0.960682213306427,781
38,0.8743283748626709,782
38,0.8727930784225464,783
38,1.0132348537445068,784
38,1.0963599681854248,785
38,1.123056411743164,786
38,1.1381388902664185,787
38,1.0010991096496582,788
38,0.9110396504402161,789
38,0.7494915127754211,790
38,0.6021206378936768,791
38,0.5577208399772644,792
38,0.6146855354309082,793
38,0.6941002607345581,794
38,0.5764331221580505,795
38,0.4009186625480652,796
38,0.21013347804546356,797
38,0.27881747484207153,798
38,0.3920164406299591,799
38,0.38762640953063965,800
38,0.5661332607269287,801
39,0.7385954856872559,802
39,1.029008150100708,803
39,1.0403335094451904,804
39,0.9140502214431763,805
39,0.8139796257019043,806
39,0.8945564031600952,807
39,1.0007095336914062,808
39,1.1199005842208862,809
39,1.2362971305847168,810
39,1.3409433364868164,811
39,1.5003148317337036,812
39,1.5482667684555054,813
39,1.4500360488891602,814
39,1.2859230041503906,815
39,1.177306890487671,816
39,1.2114124298095703,817
39,1.1657588481903076,818
39,1.01577889919281,819
39,1.031569004058838,820
39,1.1814171075820923,821
39,1.205331563949585,822
39,1.047908902168274,823
39,0.8691390156745911,824
39,0.7597643733024597,825
39,0.7190240621566772,826
39,0.6826926469802856,827
39,0.628970205783844,828
39,0.6836745142936707,829
39,0.5390895009040833,830
39,0.39946454763412476,831
39,0.41916778683662415,832
39,0.3375827372074127,833
39,0.06932248920202255,834
39,-0.12020856887102127,835
39,-0.007249545305967331,836
39,0.07664544880390167,837
39,0.02387266792356968,838
39,-0.04355480894446373,839
39,-0.04470095410943031,840
39,-0.11659980565309525,841
39,-0.20626096427440643,842
39,-0.2862737774848938,843
39,-0.30669212341308594,844
39,-0.15413178503513336,845
40,-0.08154602348804474,846
40,0.9451839327812195,847
40,0.8484277129173279,848
40,0.7491800785064697,849
40,0.740289032459259,850
40,0.6725477576255798,851
40,0.5948060750961304,852
40,0.6761541366577148,853
40,0.7507337331771851,854
40,0.7022464871406555,855
40,0.5556166172027588,856
40,0.5127339959144592,857
41,0.5257512927055359,858
41,1.0235017538070679,859
41,1.0286643505096436,860
41,0.9518176317214966,861
41,0.8635468482971191,862
41,0.8057698011398315,863
41,0.729972779750824,864
41,0.6327170729637146,865
41,0.5440319180488586,866
41,0.5328300595283508,867
41,0.6009517312049866,868
41,0.49847421050071716,869
41,0.2988821864128113,870
41,0.26469865441322327,871
41,0.17591042816638947,872
41,-0.015407240949571133,873
42,-0.10255210101604462,874
42,0.9898624420166016,875
42,1.0810381174087524,876
42,1.1438201665878296,877
42,1.0820491313934326,878
42,1.0284866094589233,879
42,1.007215142250061,880
42,0.9815227389335632,881
42,0.9791468381881714,882
42,0.9965860843658447,883
42,1.0675678253173828,884
42,1.1595468521118164,885
42,1.270461082458496,886
42,1.3714605569839478,887
42,1.3977570533752441,888
42,1.4379618167877197,889
42,1.4504643678665161,890
42,1.5942142009735107,891
42,1.8641059398651123,892
42,2.029522180557251,893
42,2.084512233734131,894
42,1.9285176992416382,895
42,1.812484622001648,896
42,1.7825568914413452,897
42,1.790055274963379,898
42,1.7424966096878052,899
42,1.7219361066818237,900
42,1.7875583171844482,901
42,1.82546067237854,902
42,1.8521684408187866,903
42,1.8760653734207153,904
42,1.819096565246582,905
42,1.7534464597702026,906
42,1.6772539615631104,907
42,1.6580675840377808,908
42,1.7743946313858032,909
42,1.8351972103118896,910
42,1.6781059503555298,911
42,1.3515630960464478,912
42,1.0901366472244263,913
42,0.9023671746253967,914
42,0.7995750904083252,915
42,0.7289433479309082,916
42,0.7462331056594849,917
42,0.724474310874939,918
43,0.5746369957923889,919
43,0.9818599820137024,920
43,0.9464597105979919,921
43,0.9695764183998108,922
43,0.9449049830436707,923
43,0.8865929245948792,924
43,0.7419722080230713,925
43,0.6454329490661621,926
43,0.44913068413734436,927
43,0.27766138315200806,928
43,0.07471192628145218,929
43,-0.15305252373218536,930
43,-0.2901328504085541,931
43,-0.31271132826805115,932
44,-0.36055317521095276,933
44,0.9505686163902283,934
44,0.9786890745162964,935
44,0.903458833694458,936
44,0.740405261516571,937
44,0.5635550022125244,938
44,0.37543344497680664,939
44,0.3230803906917572,940
44,0.4639831483364105,941
44,0.5581616163253784,942
45,0.5079909563064575,943
45,1.0271245241165161,944
45,0.9583441019058228,945
45,0.8701444268226624,946
45,0.8425229787826538,947
45,0.8961549401283264,948
45,0.931882381439209,949
45,0.8875492215156555,950
45,0.7851673364639282,951
45,0.629249632358551,952
45,0.44082382321357727,953
45,0.14092181622982025,954
45,-0.058416035026311874,955
46,-0.1637454330921173,956
46,1.0238778591156006,957
46,0.9846832752227783,958
46,0.8922721743583679,959
46,0.9464117288589478,960
46,0.9812438488006592,961
46,1.0258742570877075,962
46,1.1226744651794434,963
46,1.0506484508514404,964
46,1.0333917140960693,965
46,1.2962080240249634,966
46,1.376630187034607,967
46,1.3033270835876465,968
46,1.3499211072921753,969
46,1.329892873764038,970
46,1.2355648279190063,971
46,1.2741398811340332,972
46,1.3637086153030396,973
46,1.429197907447815,974
46,1.4371466636657715,975
46,1.449820876121521,976
46,1.457578182220459,977
46,1.421409249305725,978
46,1.4430147409439087,979
46,1.416483998298645,980
46,1.5023568868637085,981
46,1.5601437091827393,982
46,1.5856213569641113,983
46,1.5748956203460693,984
46,1.4251084327697754,985
47,1.4220603704452515,986
47,1.001039981842041,987
47,0.9565253853797913,988
47,0.7969165444374084,989
47,0.7833548188209534,990
47,0.9475060105323792,991
47,1.102857232093811,992
47,1.1901304721832275,993
47,1.0443793535232544,994
47,0.9992843270301819,995
47,1.0497949123382568,996
47,1.134124994277954,997
47,1.0985771417617798,998
47,1.0972894430160522,999
47,1.1561429500579834,1000
47,1.2507834434509277,1001
47,1.3710559606552124,1002
47,1.353747010231018,1003
47,1.3814045190811157,1004
47,1.4222826957702637,1005
47,1.3159581422805786,1006
47,1.1770654916763306,1007
47,1.0697625875473022,1008
47,0.9051231145858765,1009
47,0.7051641345024109,1010
47,0.48217976093292236,1011
47,0.3589862883090973,1012
47,0.3152850270271301,1013
48,0.3097866475582123,1014
48,0.9383743405342102,1015
48,0.8329356908798218,1016
48,0.7633770108222961,1017
48,0.6953564882278442,1018
48,0.6445596814155579,1019
48,0.6756806969642639,1020
48,0.6199742555618286,1021
48,0.5929346680641174,1022
49,0.5688959360122681,1023
49,0.9569565057754517,1024
49,0.7886477112770081,1025
49,0.6222590208053589,1026
49,0.5218027830123901,1027
49,0.4929336905479431,1028
49,0.3602468967437744,1029
49,0.20545285940170288,1030
49,0.24024289846420288,1031
49,0.2116246074438095,1032
49,0.1750471293926239,1033
49,0.12614290416240692,1034
50,0.11654643714427948,1035
50,0.9161927103996277,1036
50,0.9234325289726257,1037
50,1.0316802263259888,1038
50,1.073563575744629,1039
50,1.0287814140319824,1040
50,0.8907507061958313,1041
50,0.7617706656455994,1042
50,0.7182655334472656,1043
50,0.6211081743240356,1044
50,0.533267617225647,1045
50,0.5059173703193665,1046
50,0.40223705768585205,1047
50,0.20557889342308044,1048
50,-0.12630555033683777,1049
51,-0.42171192169189453,1050
51,0.9684589505195618,1051
51,0.9037933945655823,1052
51,0.8148362040519714,1053
51,0.7841928005218506,1054
51,0.7785134315490723,1055
51,0.6212145686149597,1056
51,0.5466471910476685,1057
51,0.5561841726303101,1058
52,0.5551808476448059,1059
52,0.9327977299690247,1060
52,0.7617542743682861,1061
52,0.7025176286697388,1062
52,0.7333372235298157,1063
52,0.6961397528648376,1064
52,0.5457158088684082,1065
52,0.3663870394229889,1066
52,0.39004582166671753,1067
52,0.3130074143409729,1068
52,0.11432014405727386,1069
52,0.09207101911306381,1070
52,0.22098061442375183,1071
53,0.19036853313446045,1072
53,0.9710873365402222,1073
53,0.8556374907493591,1074
53,0.7390792965888977,1075
53,0.7961470484733582,1076
53,0.9139009118080139,1077
53,0.908359169960022,1078
53,0.9012397527694702,1079
53,0.9412707090377808,1080
53,0.9282998442649841,1081
53,0.9243716597557068,1082
53,0.7776438593864441,1083
53,0.5342101454734802,1084
53,0.3802436292171478,1085
53,0.2314557582139969,1086
53,0.18075694143772125,1087
53,0.28349435329437256,1088
53,0.36575016379356384,1089
53,0.46081656217575073,1090
53,0.45588040351867676,1091
53,0.31852975487709045,1092
53,0.2184567004442215,1093
53,0.232965886592865,1094
53,0.3118564486503601,1095
53,0.29671213030815125,1096
53,0.31779995560646057,1097
53,0.2497342973947525,1098
53,0.2043333798646927,1099
54,0.19619375467300415,1100
54,0.9556191563606262,1101
54,0.8513661623001099,1102
54,0.7304863929748535,1103
54,0.6067101359367371,1104
54,0.5684070587158203,1105
54,0.6462970972061157,1106
54,0.8323134183883667,1107
54,0.8814274072647095,1108
54,0.824523389339447,1109
54,0.8799638152122498,1110
54,0.7998254299163818,1111
54,0.6358264684677124,1112
54,0.3982766270637512,1113
54,0.14376668632030487,1114
54,0.14058083295822144,1115
55,0.12933224439620972,1116
55,0.9466947317123413,1117
55,0.9429487586021423,1118
55,0.9573456645011902,1119
55,0.9351058006286621,1120
55,0.9503265619277954,1121
55,0.9568052887916565,1122
55,0.8350492715835571,1123
55,0.540459156036377,1124
55,0.4034251868724823,1125
55,0.33802905678749084,1126
55,0.2844238579273224,1127
55,0.180746927857399,1128
55,0.09351000934839249,1129
55,-0.003186325542628765,1130
55,-0.015384025871753693,1131
55,0.09272578358650208,1132
55,0.17186294496059418,1133
55,0.1339387595653534,1134
55,-0.042241960763931274,1135
56,-0.1818244755268097,1136
56,0.9190625548362732,1137
56,0.824337899684906,1138
56,0.8132051825523376,1139
56,0.7492918968200684,1140
56,0.7407195568084717,1141
56,0.7698271870613098,1142
56,0.773723304271698,1143
56,0.8249075412750244,1144
56,0.8069376349449158,1145
56,0.6361635327339172,1146
56,0.5500552654266357,1147
56,0.6012461185455322,1148
56,0.5721267461776733,1149
56,0.5875168442726135,1150
56,0.6534069776535034,1151
56,0.6739006638526917,1152
56,0.5182697176933289,1153
56,0.15633611381053925,1154
56,-0.0129060298204422,1155
57,-0.18292956054210663,1156
57,1.0164904594421387,1157
57,0.9782793521881104,1158
57,0.8043931126594543,1159
57,0.7675327062606812,1160
57,0.818906843662262,1161
57,0.8772802352905273,1162
57,1.017248511314392,1163
57,1.1447079181671143,1164
57,1.1704351902008057,1165
57,1.068347454071045,1166
57,1.0465927124023438,1167
57,1.051306962966919,1168
57,1.068028450012207,1169
57,1.1456284523010254,1170
57,1.2493680715560913,1171
57,1.1826058626174927,1172
57,1.134667992591858,1173
58,1.135737657546997,1174
58,0.9308093190193176,1175
58,0.8777816891670227,1176
58,0.9404046535491943,1177
58,1.0602679252624512,1178
58,1.167177677154541,1179
58,1.2735602855682373,1180
58,1.3076754808425903,1181
58,1.1547995805740356,1182
58,1.1323298215866089,1183
58,1.048992395401001,1184
58,0.8727483749389648,1185
58,0.7646084427833557,1186
58,0.6763643026351929,1187
58,0.51133131980896,1188
58,0.312624990940094,1189
59,0.2992328703403473,1190
59,0.9114925265312195,1191
59,0.7855905890464783,1192
59,0.7803294062614441,1193
59,0.83705073595047,1194
59,0.8120167851448059,1195
59,0.8114733099937439,1196
59,0.8091476559638977,1197
60,0.676475465297699,1198
60,0.9852274656295776,1199
60,0.91506028175354,1200
60,0.8172699213027954,1201
60,0.8148995041847229,1202
60,0.7815333008766174,1203
60,0.7965610027313232,1204
60,0.8501793146133423,1205
60,0.7900524139404297,1206
60,0.7312648296356201,1207
60,0.6646449565887451,1208
60,0.4161735475063324,1209
60,0.33711591362953186,1210
60,0.3532516658306122,1211
60,0.3799082338809967,1212
60,0.3705330193042755,1213
60,0.38911473751068115,1214
60,0.3642734885215759,1215
60,0.20588769018650055,1216
60,-0.06262471526861191,1217
60,-0.24675144255161285,1218
60,-0.4528394043445587,1219
60,-0.473899781703949,1220
60,-0.5407753586769104,1221
60,-0.7507779002189636,1222
61,-0.8058196306228638,1223
61,0.9674606323242188,1224
61,0.8645328879356384,1225
61,0.8179718852043152,1226
61,0.7587521076202393,1227
61,0.5903433561325073,1228
61,0.4131096303462982,1229
61,0.3758775293827057,1230
61,0.39768385887145996,1231
61,0.27149495482444763,1232
62,0.1064746230840683,1233
62,0.9814051389694214,1234
62,0.930641233921051,1235
62,0.8082127571105957,1236
62,0.6583464741706848,1237
62,0.5634804964065552,1238
62,0.5562310218811035,1239
62,0.47798779606819153,1240
62,0.3917005658149719,1241
62,0.4088829755783081,1242
62,0.4257715046405792,1243
62,0.5007908344268799,1244
62,0.4842400550842285,1245
62,0.2527148723602295,1246
62,0.017329365015029907,1247
62,-0.11906571686267853,1248
62,-0.08745284378528595,1249
62,-0.008420544676482677,1250
62,0.028971435502171516,1251
62,0.23232875764369965,1252
62,0.3106108009815216,1253
62,0.2806374132633209,1254
62,0.18817651271820068,1255
62,0.03769747167825699,1256
63,-0.07686465978622437,1257
63,0.9500479698181152,1258
63,0.975647509098053,1259
63,0.9987228512763977,1260
63,0.8751396536827087,1261
63,0.8102931380271912,1262
63,0.8443785309791565,1263
63,0.878484845161438,1264
63,0.8302753567695618,1265
63,0.7799720764160156,1266
63,0.7481354475021362,1267
64,0.7613158822059631,1268
64,1.008455514907837,1269
64,0.9332825541496277,1270
64,0.792087197303772,1271
64,0.803695559501648,1272
64,0.9063824415206909,1273
64,0.9199450612068176,1274
64,0.9299145936965942,1275
64,0.9704450964927673,1276
64,0.9071962833404541,1277
64,0.6531562805175781,1278
64,0.3207453489303589,1279
64,0.0732722207903862,1280
64,-0.16483202576637268,1281
64,-0.4657444357872009,1282
64,-0.6362515687942505,1283
64,-0.6526373028755188,1284
64,-0.6826550960540771,1285
64,-0.6867923736572266,1286
64,-0.777778685092926,1287
64,-1.015184760093689,1288
65,-1.1715328693389893,1289
65,1.032897710800171,1290
65,0.9968822002410889,1291
65,0.8350996375083923,1292
65,0.7158434987068176,1293
65,0.6888055801391602,1294
65,0.6862747073173523,1295
65,0.6217125654220581,1296
65,0.5489141345024109,1297
66,0.6709607839584351,1298
66,0.9043171405792236,1299
66,0.8795985579490662,1300
66,0.9452789425849915,1301
66,0.9026703238487244,1302
66,0.8733657598495483,1303
66,0.7924997210502625,1304
66,0.7436140179634094,1305
66,0.7392619252204895,1306
66,0.6201969981193542,1307
66,0.6031655669212341,1308
66,0.6946566700935364,1309
66,0.7789794206619263,1310
66,0.8213412165641785,1311
66,0.8450025320053101,1312
66,0.7112799286842346,1313
66,0.4888354241847992,1314
66,0.42338550090789795,1315
67,0.4295404255390167,1316
67,0.9826472401618958,1317
67,0.9483601450920105,1318
67,1.0313836336135864,1319
67,1.1390470266342163,1320
67,1.1221684217453003,1321
67,1.1030930280685425,1322
67,1.1084961891174316,1323
67,1.1152212619781494,1324
67,1.1363067626953125,1325
67,1.073168396949768,1326
67,1.0030750036239624,1327
67,0.8298404812812805,1328
67,0.8041549921035767,1329
67,0.9031875133514404,1330
67,0.8764148950576782,1331
67,0.7734997868537903,1332
67,0.808831512928009,1333
67,0.9476153254508972,1334
67,1.107132911682129,1335
67,1.2019622325897217,1336
67,1.1234853267669678,1337
67,1.0191473960876465,1338
67,1.02915620803833,1339
68,1.1034014225006104,1340
68,0.9303138256072998,1341
68,0.9191262125968933,1342
68,1.052159070968628,1343
68,1.1158339977264404,1344
68,1.0721460580825806,1345
68,1.0280513763427734,1346
68,0.9244223833084106,1347
68,0.8358173966407776,1348
68,0.7328695058822632,1349
68,0.6494125723838806,1350
68,0.5965099334716797,1351
68,0.3265989422798157,1352
68,0.04657812416553497,1353
69,-0.009916258044540882,1354
69,0.9904247522354126,1355
69,1.0143488645553589,1356
69,0.9609482884407043,1357
69,0.9729506969451904,1358
69,0.911846399307251,1359
69,0.8379520177841187,1360
69,0.8569486737251282,1361
69,0.7473639845848083,1362
69,0.7430171966552734,1363
69,0.6866621971130371,1364
69,0.4327472746372223,1365
69,0.2405051589012146,1366
69,0.23621073365211487,1367
69,0.2792441248893738,1368
69,0.42269986867904663,1369
70,0.5670055747032166,1370
70,0.9869585633277893,1371
70,1.0163899660110474,1372
70,1.062357783317566,1373
70,1.00270414352417,1374
70,0.9214115738868713,1375
70,0.8781434893608093,1376
70,0.7820795774459839,1377
70,0.7603214979171753,1378
70,0.7609893679618835,1379
70,0.8193433880805969,1380
70,0.9903938174247742,1381
70,1.1822866201400757,1382
70,1.3287965059280396,1383
70,1.446232795715332,1384
70,1.488526701927185,1385
70,1.5150538682937622,1386
70,1.6977176666259766,1387
70,1.7240718603134155,1388
70,1.6507514715194702,1389
70,1.6354438066482544,1390
70,1.7612475156784058,1391
70,1.6628483533859253,1392
70,1.5813544988632202,1393
70,1.5302610397338867,1394
70,1.4609239101409912,1395
70,1.5020254850387573,1396
70,1.4973337650299072,1397
70,1.4337563514709473,1398
70,1.5132060050964355,1399
70,1.6643264293670654,1400
70,1.6439522504806519,1401
70,1.729048728942871,1402
70,1.9078518152236938,1403
70,2.0175392627716064,1404
70,2.159311532974243,1405
70,2.3140459060668945,1406
70,2.469336986541748,1407
70,2.517469644546509,1408
71,2.278606414794922,1409
71,0.9090142250061035,1410
71,0.735599160194397,1411
71,0.6430639624595642,1412
71,0.5932168364524841,1413
71,0.6652909517288208,1414
71,0.7767832279205322,1415
71,0.8044973015785217,1416
72,0.9560998678207397,1417
72,0.8895295858383179,1418
72,0.7790518403053284,1419
72,0.744254469871521,1420
72,0.6899316310882568,1421
72,0.6964861154556274,1422
72,0.7247915863990784,1423
72,0.6863285899162292,1424
72,0.6046515703201294,1425
72,0.4457842707633972,1426
72,0.18654793500900269,1427
72,0.1458582878112793,1428
72,0.06870032846927643,1429
72,-0.031880855560302734,1430
72,-0.02798745036125183,1431
73,-0.21877551078796387,1432
73,0.9805734157562256,1433
73,0.9376092553138733,1434
73,0.9245619773864746,1435
73,0.9598273038864136,1436
73,0.9710001349449158,1437
73,0.9095392823219299,1438
73,0.8499991297721863,1439
73,0.8729388117790222,1440
73,0.7658482789993286,1441
73,0.6368688344955444,1442
73,0.6641628742218018,1443
73,0.6842697262763977,1444
73,0.8117802143096924,1445
73,1.016016960144043,1446
73,1.1048381328582764,1447
73,1.2084124088287354,1448
73,1.2961560487747192,1449
73,1.3595728874206543,1450
73,1.4695178270339966,1451
73,1.5644153356552124,1452
73,1.5192649364471436,1453
73,1.4231510162353516,1454
73,1.327648401260376,1455
73,1.3295403718948364,1456
73,1.3102734088897705,1457
73,1.159011721611023,1458
73,0.9322535991668701,1459
73,0.8029529452323914,1460
73,0.7851771712303162,1461
73,0.6438298225402832,1462
73,0.499065637588501,1463
73,0.4778411388397217,1464
73,0.3457831144332886,1465
73,0.13995154201984406,1466
73,0.0736275166273117,1467
73,0.019427580758929253,1468
73,-0.09618047624826431,1469
73,-0.18609865009784698,1470
73,-0.3684122860431671,1471
74,-0.47472310066223145,1472
74,0.9587793350219727,1473
74,0.8458532691001892,1474
74,0.8598881959915161,1475
74,0.9186248183250427,1476
74,0.8593848943710327,1477
74,0.7958613038063049,1478
74,0.6869394779205322,1479
74,0.5062054991722107,1480
74,0.36333659291267395,1481
74,0.3703991174697876,1482
74,0.38962826132774353,1483
74,0.2901984751224518,1484
75,0.35350167751312256,1485
75,0.993952751159668,1486
75,0.9420922994613647,1487
75,0.9844664931297302,1488
75,1.0490785837173462,1489
75,0.9858265519142151,1490
75,0.9951184988021851,1491
75,1.085396647453308,1492
75,1.1437022686004639,1493
75,1.1036335229873657,1494
75,0.995089054107666,1495
75,0.9443068504333496,1496
75,0.839508593082428,1497
75,0.8805343508720398,1498
75,1.1470332145690918,1499
75,1.2580987215042114,1500
75,1.0913820266723633,1501
75,0.8689138889312744,1502
75,0.6504875421524048,1503
75,0.2928283214569092,1504
76,0.09771685302257538,1505
76,0.9614573121070862,1506
76,0.8951270580291748,1507
76,0.7878817319869995,1508
76,0.648297131061554,1509
76,0.4541986286640167,1510
76,0.30991044640541077,1511
76,0.2579365372657776,1512
76,0.15442442893981934,1513
76,-0.09987009316682816,1514
76,-0.2588350772857666,1515
77,-0.4279094636440277,1516
77,0.9426887631416321,1517
77,0.9435564875602722,1518
77,0.9719265103340149,1519
77,0.9244301915168762,1520
77,0.8952447772026062,1521
77,0.922785222530365,1522
77,0.7314384579658508,1523
77,0.42908304929733276,1524
77,0.19703689217567444,1525
77,0.0668397918343544,1526
77,-0.06753619015216827,1527
77,-0.1382952183485031,1528
77,-0.07903888821601868,1529
77,-0.147145077586174,1530
78,-0.2726583778858185,1531
78,1.0341007709503174,1532
78,1.0095571279525757,1533
78,1.0102020502090454,1534
78,1.0088567733764648,1535
78,0.9000476598739624,1536
78,0.9259862899780273,1537
78,0.9088667631149292,1538
78,0.8008493185043335,1539
78,0.7849852442741394,1540
78,0.7315704226493835,1541
78,0.5832688808441162,1542
78,0.4026172161102295,1543
78,0.20451968908309937,1544
79,0.08929446339607239,1545
79,0.9621197581291199,1546
79,0.9531846046447754,1547
79,1.0562025308609009,1548
79,1.0494335889816284,1549
79,1.0035711526870728,1550
79,0.9778769016265869,1551
79,0.8729852437973022,1552
79,0.7268986701965332,1553
79,0.7046634554862976,1554
79,0.7261156439781189,1555
79,0.7225633263587952,1556
79,0.9005381464958191,1557
79,1.2733348608016968,1558
79,1.4341025352478027,1559
79,1.3125642538070679,1560
79,1.2869213819503784,1561
79,1.3573027849197388,1562
79,1.3516967296600342,1563
79,1.3771629333496094,1564
79,1.308862566947937,1565
79,1.246174931526184,1566
79,1.2289613485336304,1567
79,1.1572850942611694,1568
79,1.1737152338027954,1569
79,1.268994688987732,1570
79,1.204081416130066,1571
79,1.1021517515182495,1572
79,1.017334222793579,1573
79,0.9864758849143982,1574
80,0.9745587706565857,1575
80,0.9992920756340027,1576
80,0.9006890654563904,1577
80,0.8222025036811829,1578
80,0.7197164297103882,1579
80,0.6308193206787109,1580
80,0.5536856055259705,1581
80,0.4069640636444092,1582
81,0.26053372025489807,1583
81,0.8904792070388794,1584
81,0.7571814060211182,1585
81,0.681302011013031,1586
81,0.6297367215156555,1587
81,0.5002392530441284,1588
81,0.45044615864753723,1589
81,0.46287116408348083,1590
81,0.34052976965904236,1591
82,0.11309690773487091,1592
82,0.9979265928268433,1593
82,0.8661364316940308,1594
82,0.6463914513587952,1595
82,0.557420015335083,1596
82,0.4278418719768524,1597
82,0.27088209986686707,1598
82,0.09697262942790985,1599
82,-0.08045697957277298,1600
83,-0.1535508781671524,1601
83,1.0570036172866821,1602
83,0.997209906578064,1603
83,0.8874033093452454,1604
83,0.7965048551559448,1605
83,0.8441150188446045,1606
83,0.8960815668106079,1607
83,0.9022171497344971,1608
83,0.897136390209198,1609
83,0.9364954829216003,1610
83,1.004496455192566,1611
83,1.0557142496109009,1612
83,0.8557047843933105,1613
83,0.577049970626831,1614
83,0.40188708901405334,1615
83,0.3981287479400635,1616
83,0.31128084659576416,1617
83,0.2861822545528412,1618
83,0.3742853105068207,1619
83,0.48146337270736694,1620
83,0.5345960855484009,1621
83,0.574681282043457,1622
83,0.6980882883071899,1623
84,0.6805616021156311,1624
84,0.997687816619873,1625
84,0.9312869310379028,1626
84,0.864130437374115,1627
84,0.9333406090736389,1628
84,1.0902631282806396,1629
84,1.1193475723266602,1630
84,1.0629068613052368,1631
84,0.9762563705444336,1632
84,0.8721765875816345,1633
84,0.8426604866981506,1634
84,0.8133209943771362,1635
84,0.9272821545600891,1636
84,1.206923007965088,1637
84,1.281387209892273,1638
84,1.1918479204177856,1639
84,1.1748713254928589,1640
84,1.1457499265670776,1641
84,1.1667850017547607,1642
84,1.2922731637954712,1643
84,1.3975015878677368,1644
84,1.2890450954437256,1645
84,1.0439355373382568,1646
84,0.9933889508247375,1647
84,0.8737648129463196,1648
84,0.6632975935935974,1649
84,0.5614338517189026,1650
84,0.5003436803817749,1651
84,0.4433385729789734,1652
84,0.5070359706878662,1653
84,0.5158364176750183,1654
85,0.4293897747993469,1655
85,1.0315570831298828,1656
85,1.036104679107666,1657
85,0.9519909620285034,1658
85,0.92386794090271,1659
85,0.9984805583953857,1660
85,0.9823216199874878,1661
85,0.9256170392036438,1662
85,0.9476144909858704,1663
85,0.9099161028862,1664
85,0.7645421028137207,1665
85,0.4863011837005615,1666
85,0.16099965572357178,1667
85,-0.13178029656410217,1668
85,-0.2197454869747162,1669
86,-0.14771240949630737,1670
86,1.0486074686050415,1671
86,0.9933961629867554,1672
86,0.9063348770141602,1673
86,0.9056209921836853,1674
86,0.9676033854484558,1675
86,0.9683984518051147,1676
86,0.8850675821304321,1677
86,0.7728055715560913,1678
86,0.8170725107192993,1679
86,0.7451842427253723,1680
86,0.48085251450538635,1681
86,0.2677382230758667,1682
86,0.08399992436170578,1683
86,-0.024164335802197456,1684
86,-0.12969790399074554,1685
86,-0.2194705456495285,1686
87,-0.24161849915981293,1687
87,0.9567747116088867,1688
87,0.869015634059906,1689
87,0.7610086798667908,1690
87,0.658356249332428,1691
87,0.6944363713264465,1692
87,0.7641934752464294,1693
87,0.7247446775436401,1694
87,0.6524359583854675,1695
87,0.5603355169296265,1696
87,0.5186017155647278,1697
87,0.6248914003372192,1698
87,0.6647167205810547,1699
87,0.6737498044967651,1700
87,0.8673384189605713,1701
87,0.9242164492607117,1702
87,0.8179786801338196,1703
87,0.7104666829109192,1704
87,0.658025860786438,1705
87,0.7613154053688049,1706
87,0.8685714602470398,1707
87,0.9547334909439087,1708
87,1.0032633543014526,1709
87,0.9173411130905151,1710
87,0.8799214959144592,1711
87,0.9011163115501404,1712
87,0.9793396592140198,1713
87,0.9987344145774841,1714
87,0.9166766405105591,1715
87,0.8135411739349365,1716
87,0.6700250506401062,1717
87,0.634644627571106,1718
87,0.6311993598937988,1719
87,0.641751766204834,1720
87,0.6108484864234924,1721
87,0.15350009500980377,1722
87,-0.24491505324840546,1723
87,-0.442364901304245,1724
87,-0.49316567182540894,1725
87,-0.6027801036834717,1726
87,-0.6971768140792847,1727
87,-0.6776896715164185,1728
87,-0.6246152520179749,1729
87,-0.7413783669471741,1730
87,-0.7747749090194702,1731
88,-0.6879425048828125,1732
88,0.9659313559532166,1733
88,0.9688329696655273,1734
88,1.0290063619613647,1735
88,1.0305898189544678,1736
88,1.03925359249115,1737
88,1.011627197265625,1738
88,0.9405737519264221,1739
88,0.8993598818778992,1740
88,0.991081714630127,1741
88,1.099955439567566,1742
88,1.119936466217041,1743
88,1.103519320487976,1744
88,1.0356377363204956,1745
88,0.9091617465019226,1746
89,0.7667888402938843,1747
89,0.8679491281509399,1748
89,0.7211900353431702,1749
89,0.7227447032928467,1750
89,0.6599745154380798,1751
89,0.4952056407928467,1752
89,0.38796156644821167,1753
89,0.26681992411613464,1754
89,-0.03607838228344917,1755
89,-0.3716215491294861,1756
89,-0.6792303919792175,1757
90,-0.8007650375366211,1758
90,1.0599422454833984,1759
90,1.024985432624817,1760
90,0.9095744490623474,1761
90,0.8784485459327698,1762
90,0.9798939824104309,1763
90,0.9745994806289673,1764
90,0.8652054071426392,1765
90,0.7167734503746033,1766
90,0.6444703340530396,1767
90,0.6880229711532593,1768
90,0.7670897245407104,1769
90,0.7109658718109131,1770
90,0.6471832394599915,1771
90,0.582468569278717,1772
90,0.5838173031806946,1773
90,0.5533914566040039,1774
90,0.4653368592262268,1775
90,0.3424389064311981,1776
90,0.2788145840167999,1777
90,0.2965758144855499,1778
90,0.20892880856990814,1779
90,0.06945318728685379,1780
90,0.03805892542004585,1781
90,-0.023523932322859764,1782
90,-0.23377512395381927,1783
91,-0.36487263441085815,1784
91,1.0676641464233398,1785
91,1.0586717128753662,1786
91,0.9734587669372559,1787
91,0.9129127860069275,1788
91,0.8615321516990662,1789
91,0.7945589423179626,1790
91,0.7774107456207275,1791
91,0.7971088290214539,1792
91,0.8502404093742371,1793
91,0.9691327810287476,1794
91,1.0419197082519531,1795
91,0.9214600920677185,1796
91,0.8381539583206177,1797
91,0.8504104018211365,1798
91,0.8110235929489136,1799
91,0.8874017596244812,1800
91,0.8700194954872131,1801
91,0.7871803641319275,1802
91,0.8181293606758118,1803
91,0.8723250031471252,1804
91,0.9042221903800964,1805
91,0.9103132486343384,1806
91,0.9195516109466553,1807
91,0.8829020261764526,1808
91,0.8325865268707275,1809
91,0.8152264952659607,1810
91,0.7876572608947754,1811
91,0.564425528049469,1812
91,0.4418763220310211,1813
91,0.34736499190330505,1814
91,0.2331535518169403,1815
92,0.3036007285118103,1816
92,1.019685983657837,1817
92,0.9610611200332642,1818
92,0.8567075729370117,1819
92,0.782548725605011,1820
92,0.7667745351791382,1821
92,0.7663504481315613,1822
92,0.8068532347679138,1823
92,0.8755290508270264,1824
92,0.8715094327926636,1825
92,0.8821055889129639,1826
92,0.8987711071968079,1827
92,0.8622847199440002,1828
93,0.8530247807502747,1829
93,0.9077632427215576,1830
93,0.827522337436676,1831
93,0.8084965348243713,1832
93,0.8195526003837585,1833
93,0.8066083788871765,1834
93,0.6848816275596619,1835
93,0.5158492922782898,1836
93,0.3861271142959595,1837
93,0.3003831207752228,1838
93,0.05266597867012024,1839
93,-0.24734434485435486,1840
93,-0.4435327351093292,1841
94,-0.45324602723121643,1842
94,0.9297719597816467,1843
94,0.7818269729614258,1844
94,0.7957702279090881,1845
94,0.7982355952262878,1846
94,0.7894008755683899,1847
94,0.9411776661872864,1848
94,0.9990259408950806,1849
94,0.993885338306427,1850
94,1.0648306608200073,1851
94,1.0810500383377075,1852
94,0.9831601977348328,1853
94,0.936844527721405,1854
94,0.9339380860328674,1855
94,0.9799898266792297,1856
94,1.0643506050109863,1857
94,1.0016717910766602,1858
94,0.9543769359588623,1859
94,1.100762128829956,1860
94,1.3240635395050049,1861
94,1.522350788116455,1862
94,1.5275115966796875,1863
94,1.3326505422592163,1864
94,1.1651744842529297,1865
94,1.034536600112915,1866
94,1.0405504703521729,1867
94,0.9840981364250183,1868
95,0.8005104660987854,1869
95,0.8945622444152832,1870
95,0.8038110733032227,1871
95,0.7835793495178223,1872
95,0.7089823484420776,1873
95,0.5977148413658142,1874
95,0.46002405881881714,1875
95,0.27062752842903137,1876
95,-0.014340551570057869,1877
96,-0.23319455981254578,1878
96,0.9931901693344116,1879
96,0.8979547023773193,1880
96,0.9371994733810425,1881
96,1.0616233348846436,1882
96,1.017913579940796,1883
96,0.9431264400482178,1884
96,0.9037482142448425,1885
96,1.009930968284607,1886
96,1.2105320692062378,1887
96,1.2606004476547241,1888
96,1.1898062229156494,1889
96,1.1898205280303955,1890
96,1.2124994993209839,1891
96,1.2321460247039795,1892
96,1.380514144897461,1893
96,1.372025966644287,1894
97,1.3353474140167236,1895
97,0.898497462272644,1896
97,0.881921112537384,1897
97,0.9327040314674377,1898
97,0.9299948215484619,1899
97,0.9480038285255432,1900
97,0.9088829159736633,1901
97,1.030142068862915,1902
97,1.189074158668518,1903
97,1.2976510524749756,1904
97,1.1645145416259766,1905
97,0.9494381546974182,1906
97,0.8960251808166504,1907
97,1.0128015279769897,1908
97,1.004536747932434,1909
97,1.0563578605651855,1910
97,1.201122522354126,1911
97,1.3374918699264526,1912
97,1.3900233507156372,1913
97,1.2507671117782593,1914
97,1.1279687881469727,1915
97,0.9824202656745911,1916
97,0.9471867680549622,1917
97,1.0060973167419434,1918
97,1.189202904701233,1919
97,1.3911926746368408,1920
97,1.3936455249786377,1921
97,1.4645609855651855,1922
97,1.530809760093689,1923
97,1.5097169876098633,1924
97,1.4384490251541138,1925
97,1.350321888923645,1926
97,1.4982457160949707,1927
97,1.6208267211914062,1928
97,1.6309707164764404,1929
97,1.6627953052520752,1930
97,1.5754499435424805,1931
97,1.426405668258667,1932
97,1.4245840311050415,1933
97,1.5393285751342773,1934
97,1.5471245050430298,1935
97,1.507110834121704,1936
97,1.45024573802948,1937
98,1.3770456314086914,1938
98,1.0567365884780884,1939
98,1.0454148054122925,1940
98,0.9703277945518494,1941
98,0.8604310154914856,1942
98,0.7931556701660156,1943
98,0.7970746159553528,1944
98,0.7962366342544556,1945
98,0.884743869304657,1946
98,1.0082684755325317,1947
98,0.9309661388397217,1948
98,0.829130232334137,1949
98,0.7348860502243042,1950
98,0.5697159767150879,1951
98,0.3945223093032837,1952
98,0.27145135402679443,1953
98,0.27772316336631775,1954
98,0.2185952216386795,1955
98,0.09364684671163559,1956
98,0.07636650651693344,1957
98,0.002351336646825075,1958
98,-0.07436691969633102,1959
98,-0.03913689777255058,1960
98,0.07193537801504135,1961
98,0.01882936805486679,1962
98,-0.05810234695672989,1963
98,-0.06284552067518234,1964
98,-0.07923869043588638,1965
98,-0.16972167789936066,1966
99,-0.25174200534820557,1967
99,1.0447486639022827,1968
99,1.0349617004394531,1969
99,0.9454584121704102,1970
99,0.7977402806282043,1971
99,0.6814159750938416,1972
99,0.7678302526473999,1973
99,0.879932701587677,1974
99,1.0216150283813477,1975
99,1.2575421333312988,1976
99,1.4326605796813965,1977
99,1.345337152481079,1978
99,1.141406774520874,1979
99,0.9205161333084106,1980
99,0.6423235535621643,1981
99,0.45798397064208984,1982
99,0.267723947763443,1983
99,0.03793510049581528,1984
99,-0.13990354537963867,1985
99,-0.33269837498664856,1986
99,-0.5161727666854858,1987
99,-0.5617246031761169,1988
99,-0.5456913709640503,1989
99,-0.6651228070259094,1990
99,-0.8823641538619995,1991
100,-0.8997771143913269,1992
100,0.8826993107795715,1993
100,0.8093660473823547,1994
100,0.7341959476470947,1995
100,0.5267391800880432,1996
100,0.4589799642562866,1997
100,0.38716965913772583,1998
101,0.2903050482273102,1999
101,0.986829936504364,2000
101,0.8951802253723145,2001
101,0.831274688243866,2002
101,0.9232471585273743,2003
101,1.0166971683502197,2004
101,1.03032648563385,2005
101,1.0155715942382812,2006
101,0.9504045248031616,2007
101,0.8815560936927795,2008
101,0.8587032556533813,2009
101,0.7251119613647461,2010
101,0.5329302549362183,2011
101,0.4358043968677521,2012
101,0.4539240002632141,2013
101,0.4457498788833618,2014
101,0.34461578726768494,2015
101,0.5104498863220215,2016
101,0.7905113101005554,2017
101,0.9096011519432068,2018
101,0.77949059009552,2019
101,0.7113516926765442,2020
101,0.6932157278060913,2021
101,0.7150809168815613,2022
101,0.7760574221611023,2023
101,0.5786529183387756,2024
101,0.3768381178379059,2025
101,0.25204998254776,2026
101,0.28136301040649414,2027
102,0.2815300524234772,2028
102,1.0198311805725098,2029
102,1.0834647417068481,2030
102,1.0740002393722534,2031
102,0.9934502243995667,2032
102,0.9685326218605042,2033
102,0.9023312330245972,2034
102,0.6595268249511719,2035
102,0.6385571360588074,2036
102,0.633762538433075,2037
102,0.46138495206832886,2038
102,0.3400897979736328,2039
102,0.23851923644542694,2040
103,0.045290540903806686,2041
103,0.9262167811393738,2042
103,0.7265274524688721,2043
103,0.7066116333007812,2044
103,0.8510825634002686,2045
103,0.9417017698287964,2046
103,0.9263823628425598,2047
103,0.7906368374824524,2048
