EpisodeID,Reward,Timestep
0,1.0591168403625488,1
0,1.026436448097229,2
0,0.8391578197479248,3
0,0.6344176530838013,4
0,0.5159791111946106,5
0,0.506632387638092,6
0,0.45670807361602783,7
0,0.3795263469219208,8
0,0.289803683757782,9
0,0.20583398640155792,10
0,0.1415952444076538,11
0,0.14711058139801025,12
0,0.185914546251297,13
1,0.06594045460224152,14
1,1.0389924049377441,15
1,1.0423158407211304,16
1,0.907899022102356,17
1,0.6758610010147095,18
1,0.5733727216720581,19
1,0.527122974395752,20
1,0.2941533625125885,21
1,0.13375072181224823,22
1,0.10908475518226624,23
1,0.13948597013950348,24
1,0.1913524866104126,25
1,0.2061586230993271,26
1,0.110140360891819,27
1,-0.05285815894603729,28
2,-0.22011810541152954,29
2,0.9608992338180542,30
2,0.9796007871627808,31
2,0.9836302399635315,32
2,0.9089840054512024,33
2,0.8438075184822083,34
2,0.701413094997406,35
2,0.46249067783355713,36
2,0.28939855098724365,37
2,0.29206418991088867,38
2,0.3670220971107483,39
2,0.3526030480861664,40
2,0.3631204664707184,41
2,0.4084322452545166,42
2,0.4421623647212982,43
2,0.558636486530304,44
3,0.6204997301101685,45
3,0.9943702220916748,46
3,1.033572793006897,47
3,1.037498950958252,48
3,1.00521719455719,49
3,1.0326590538024902,50
3,0.9583641886711121,51
3,0.9288759231567383,52
3,0.9646713733673096,53
3,0.8393487334251404,54
3,0.6794159412384033,55
3,0.6879428029060364,56
3,0.7143739461898804,57
3,0.7586061954498291,58
3,0.7689715623855591,59
3,0.6925686597824097,60
3,0.8494001626968384,61
3,0.8746809959411621,62
3,0.8416574597358704,63
3,0.8806681632995605,64
3,0.7522521615028381,65
3,0.6184566020965576,66
3,0.5214220285415649,67
3,0.4687829315662384,68
3,0.3485451936721802,69
3,0.25662556290626526,70
3,0.23477457463741302,71
3,0.21220920979976654,72
3,0.30915072560310364,73
3,0.3246135413646698,74
3,0.26140686869621277,75
3,0.2094200998544693,76
3,0.06349242478609085,77
3,-0.11705845594406128,78
3,-0.3008631765842438,79
4,-0.41901764273643494,80
4,0.9428125619888306,81
4,0.83856600522995,82
4,0.7606543898582458,83
4,0.7143713235855103,84
4,0.6594409346580505,85
4,0.5532456040382385,86
4,0.5214200615882874,87
4,0.6069208383560181,88
4,0.6943174004554749,89
5,0.5008748769760132,90
5,1.000731348991394,91
5,1.051465392112732,92
5,1.1040990352630615,93
5,1.0777842998504639,94
5,1.0404902696609497,95
5,0.9090402722358704,96
5,0.881342887878418,97
5,0.845693051815033,98
5,0.7899288535118103,99
5,0.7642202377319336,100
5,0.6702017784118652,101
5,0.7213427424430847,102
5,0.7906657457351685,103
5,0.8464352488517761,104
5,0.8392239212989807,105
5,0.8025030493736267,106
6,0.9158675074577332,107
6,0.9386188983917236,108
6,0.8139640688896179,109
6,0.7453885078430176,110
6,0.7223287224769592,111
6,0.6459993124008179,112
6,0.6088500618934631,113
6,0.5908092260360718,114
6,0.4139849841594696,115
6,0.1423061192035675,116
6,0.012363509275019169,117
7,0.005505496170371771,118
7,0.9340028166770935,119
7,0.8992428183555603,120
7,0.8823097944259644,121
7,0.8866518139839172,122
7,0.960440993309021,123
7,0.8941511511802673,124
7,0.7877688407897949,125
7,0.6839098334312439,126
7,0.6496471762657166,127
7,0.6964158415794373,128
7,0.7965071201324463,129
7,0.7633105516433716,130
8,0.6732370853424072,131
8,1.0067200660705566,132
8,0.9931322932243347,133
8,0.9439020752906799,134
8,0.8055880069732666,135
8,0.746720016002655,136
8,0.7372058033943176,137
8,0.670680582523346,138
8,0.5949286222457886,139
8,0.5020838975906372,140
8,0.3275996446609497,141
8,0.16959929466247559,142
8,0.08294583112001419,143
9,-0.004807678516954184,144
9,0.9957191944122314,145
9,0.9136866927146912,146
9,0.7963199615478516,147
9,0.7098261117935181,148
9,0.7467008829116821,149
9,0.7133957743644714,150
9,0.6543830633163452,151
9,0.7973912358283997,152
9,0.9335633516311646,153
9,1.0621505975723267,154
9,1.2445241212844849,155
9,1.4079712629318237,156
9,1.4641474485397339,157
9,1.5184353590011597,158
9,1.5591456890106201,159
9,1.5960458517074585,160
9,1.5677841901779175,161
9,1.4987798929214478,162
9,1.448411226272583,163
9,1.5583914518356323,164
9,1.6280317306518555,165
9,1.6534512042999268,166
9,1.6945382356643677,167
9,1.62900710105896,168
9,1.5576664209365845,169
9,1.4837629795074463,170
9,1.4698593616485596,171
9,1.355019450187683,172
9,1.206549048423767,173
9,1.1731960773468018,174
9,1.2559905052185059,175
9,1.3105651140213013,176
9,1.3345186710357666,177
9,1.143334150314331,178
9,0.92433762550354,179
9,0.7070993781089783,180
9,0.5586140155792236,181
9,0.3914007246494293,182
9,0.2745717167854309,183
9,0.15305548906326294,184
9,-0.009071272797882557,185
9,-0.15385852754116058,186
9,-0.270844042301178,187
9,-0.24719274044036865,188
9,-0.07914295047521591,189
9,0.039375342428684235,190
9,-0.08884210139513016,191
9,-0.10296564549207687,192
9,-0.06026612967252731,193
9,-0.05809861421585083,194
10,-0.11280501633882523,195
10,1.0522973537445068,196
10,1.0638123750686646,197
10,0.946384072303772,198
10,0.7852540612220764,199
10,0.6946069598197937,200
10,0.5518525242805481,201
10,0.4779422879219055,202
10,0.551106333732605,203
10,0.6957137584686279,204
11,0.7622677683830261,205
11,0.9218190312385559,206
11,0.7906315326690674,207
11,0.767073929309845,208
11,0.8231773972511292,209
11,0.8017154335975647,210
11,0.6809910535812378,211
11,0.6877968907356262,212
11,0.8599512577056885,213
11,0.9555635452270508,214
11,0.9510084390640259,215
11,1.0272126197814941,216
11,1.0796905755996704,217
12,1.123533010482788,218
12,1.0420516729354858,219
12,0.9993155598640442,220
12,0.9323864579200745,221
12,0.918944776058197,222
12,0.877741813659668,223
12,0.7987248301506042,224
12,0.7499892115592957,225
12,0.6140023469924927,226
12,0.5434261560440063,227
12,0.39475947618484497,228
12,0.29507869482040405,229
12,0.4399510324001312,230
12,0.5209063291549683,231
12,0.416557252407074,232
12,0.24935683608055115,233
12,0.2797873318195343,234
12,0.19091178476810455,235
12,0.07068988680839539,236
12,0.027940047904849052,237
12,-0.15788894891738892,238
12,-0.31773555278778076,239
12,-0.35904547572135925,240
12,-0.25803908705711365,241
12,-0.01994911953806877,242
12,0.017962144687771797,243
12,-0.0828220322728157,244
12,-0.07397063821554184,245
13,-0.1673145890235901,246
13,0.8950312733650208,247
13,0.6751470565795898,248
13,0.643616795539856,249
13,0.7649698257446289,250
13,0.8160448670387268,251
13,0.8183239102363586,252
13,0.7644692063331604,253
13,0.5914660096168518,254
13,0.47600218653678894,255
13,0.5322277545928955,256
13,0.5587710738182068,257
13,0.5083856582641602,258
13,0.5394443869590759,259
13,0.4922730624675751,260
13,0.45512622594833374,261
13,0.5134595036506653,262
13,0.5204507112503052,263
13,0.7405415773391724,264
14,0.9109980463981628,265
14,0.9639930129051208,266
14,0.8402609825134277,267
14,0.7120828032493591,268
14,0.7098608613014221,269
14,0.841110348701477,270
14,0.9185418486595154,271
14,0.9718937873840332,272
14,1.112383484840393,273
14,1.2713310718536377,274
14,1.155443787574768,275
14,1.1129480600357056,276
14,1.0655211210250854,277
14,0.9841859936714172,278
14,1.1171839237213135,279
14,1.1955422163009644,280
14,1.2854217290878296,281
14,1.4052740335464478,282
14,1.299554705619812,283
14,1.3016284704208374,284
14,1.3424649238586426,285
14,1.2833524942398071,286
14,1.226076364517212,287
14,1.204519510269165,288
14,1.2043068408966064,289
14,1.0996240377426147,290
14,1.1832870244979858,291
14,1.3128515481948853,292
14,1.1656702756881714,293
14,1.0253373384475708,294
14,1.0843279361724854,295
14,1.2878079414367676,296
14,1.4647432565689087,297
14,1.4559470415115356,298
14,1.4863497018814087,299
14,1.5859278440475464,300
14,1.6228291988372803,301
14,1.6385846138000488,302
14,1.5718579292297363,303
14,1.484216570854187,304
14,1.4010467529296875,305
14,1.39418363571167,306
14,1.5732083320617676,307
14,1.6264060735702515,308
14,1.50601327419281,309
14,1.517970323562622,310
14,1.678527593612671,311
14,1.7156237363815308,312
14,1.778659462928772,313
14,1.9172617197036743,314
14,1.9998472929000854,315
14,1.9163540601730347,316
14,1.6855965852737427,317
14,1.6614967584609985,318
14,1.7757829427719116,319
14,1.82321298122406,320
14,1.7613252401351929,321
14,1.8093699216842651,322
14,1.9420409202575684,323
14,1.8521140813827515,324
14,1.7245306968688965,325
14,1.6346086263656616,326
14,1.5395333766937256,327
14,1.4413940906524658,328
14,1.4482409954071045,329
14,1.4430712461471558,330
14,1.430483102798462,331
14,1.4607435464859009,332
14,1.4386647939682007,333
14,1.3567086458206177,334
14,1.3325514793395996,335
14,1.365004062652588,336
14,1.2451900243759155,337
14,1.1991651058197021,338
14,1.2230805158615112,339
14,1.2464492321014404,340
14,1.292705774307251,341
14,1.2205733060836792,342
15,1.068882703781128,343
15,0.9804334044456482,344
15,0.9682419896125793,345
15,1.0892258882522583,346
15,1.1887621879577637,347
15,1.0534377098083496,348
15,0.8844698071479797,349
15,0.766844630241394,350
15,0.7245351076126099,351
15,0.8069431781768799,352
15,0.8613994717597961,353
15,0.9018405079841614,354
15,1.0447015762329102,355
15,1.1703174114227295,356
15,1.3492127656936646,357
15,1.3562180995941162,358
15,1.241603136062622,359
15,1.3390871286392212,360
15,1.3759078979492188,361
15,1.3150126934051514,362
15,1.3616081476211548,363
15,1.460784912109375,364
15,1.5966660976409912,365
15,1.5853792428970337,366
15,1.4851655960083008,367
15,1.5212966203689575,368
16,1.4802780151367188,369
16,0.9691058993339539,370
16,0.9721032381057739,371
16,0.9542264938354492,372
16,0.857635498046875,373
16,0.8466035723686218,374
16,0.9408192038536072,375
16,1.00484037399292,376
16,0.923919141292572,377
16,0.9108841419219971,378
16,0.9545589089393616,379
16,0.9072423577308655,380
16,0.8768349289894104,381
17,0.9008915424346924,382
17,1.0788837671279907,383
17,1.0475839376449585,384
17,0.9579737186431885,385
17,0.8498204946517944,386
17,0.807333767414093,387
17,0.7803900241851807,388
17,0.7230323553085327,389
17,0.6958397626876831,390
17,0.6538892984390259,391
17,0.6391911506652832,392
17,0.7667597532272339,393
17,0.9046923518180847,394
17,0.8733109831809998,395
17,0.8436666131019592,396
17,0.6926844120025635,397
17,0.5042152404785156,398
17,0.40160515904426575,399
17,0.2806320786476135,400
17,0.15433290600776672,401
17,-0.05214390903711319,402
17,-0.24669313430786133,403
17,-0.37830251455307007,404
17,-0.5666060447692871,405
17,-0.585860550403595,406
18,-0.6510947346687317,407
18,1.0221607685089111,408
18,0.9716755747795105,409
18,0.9111953377723694,410
18,0.882946252822876,411
18,0.8916890025138855,412
18,0.9485612511634827,413
18,1.0031925439834595,414
18,1.1049704551696777,415
18,1.2118546962738037,416
18,1.2522010803222656,417
18,1.2042940855026245,418
18,1.0441210269927979,419
18,0.9324196577072144,420
18,0.8871108889579773,421
18,0.7796541452407837,422
18,0.7684270143508911,423
18,0.7677064538002014,424
18,0.5323331356048584,425
18,0.27895745635032654,426
19,0.06853044033050537,427
19,1.0700860023498535,428
19,1.077324390411377,429
19,1.012266755104065,430
19,0.9846305847167969,431
19,0.8578019142150879,432
19,0.7768391966819763,433
19,0.8439643383026123,434
19,0.7928928136825562,435
19,0.7749711275100708,436
19,0.7447436451911926,437
19,0.6096951961517334,438
19,0.44713887572288513,439
19,0.32575100660324097,440
20,0.20432476699352264,441
20,0.8826690316200256,442
20,0.7364470958709717,443
20,0.6752479076385498,444
20,0.5989084243774414,445
20,0.5047902464866638,446
20,0.47362926602363586,447
20,0.6152104139328003,448
20,0.6780708432197571,449
20,0.6154173016548157,450
21,0.5859574675559998,451
21,0.9270884394645691,452
21,0.9360291361808777,453
21,0.9606159329414368,454
21,0.8860417008399963,455
21,0.9504801034927368,456
21,1.1168383359909058,457
21,1.1993635892868042,458
21,1.0945287942886353,459
21,1.0554560422897339,460
21,1.0818248987197876,461
21,0.9953214526176453,462
21,1.0083904266357422,463
21,0.9562708139419556,464
21,0.6023054122924805,465
21,0.36932361125946045,466
21,0.24950337409973145,467
21,0.15357297658920288,468
21,0.12322445213794708,469
21,0.19409050047397614,470
21,0.353569358587265,471
21,0.3852781653404236,472
21,0.32026103138923645,473
22,0.2251940667629242,474
22,0.9745639562606812,475
22,0.8961604833602905,476
22,0.7720092535018921,477
22,0.6267268657684326,478
22,0.6400151252746582,479
22,0.6521622538566589,480
22,0.5347168445587158,481
22,0.4670798182487488,482
22,0.47445741295814514,483
23,0.5233702659606934,484
23,0.9920104742050171,485
23,0.8654642701148987,486
23,0.8795270323753357,487
23,1.0493857860565186,488
23,0.9900312423706055,489
23,0.9650861620903015,490
23,0.9420356750488281,491
23,0.6928216218948364,492
23,0.4537595212459564,493
23,0.18158890306949615,494
23,-0.013946185819804668,495
23,-0.19232647120952606,496
23,-0.42621496319770813,497
23,-0.6422673463821411,498
24,-0.8495123982429504,499
24,0.9384511709213257,500
24,0.7739080190658569,501
24,0.6686387062072754,502
24,0.784562885761261,503
24,1.004390835762024,504
24,1.1107732057571411,505
24,1.0382192134857178,506
24,0.9981014728546143,507
24,0.9322482347488403,508
24,0.8178438544273376,509
24,0.6961389780044556,510
24,0.620910108089447,511
24,0.7382431626319885,512
24,0.868172287940979,513
25,0.8393904566764832,514
25,0.9345205426216125,515
25,0.9001401662826538,516
25,0.9062524437904358,517
25,0.909483790397644,518
25,1.0217664241790771,519
25,1.0813560485839844,520
25,0.988003134727478,521
25,0.9145990610122681,522
25,0.7813056707382202,523
25,0.5895309448242188,524
25,0.5260488390922546,525
25,0.3729303479194641,526
25,0.20773610472679138,527
25,0.1750669777393341,528
25,0.19802409410476685,529
25,0.21337991952896118,530
25,0.1027747318148613,531
25,0.06241839379072189,532
25,0.0733768567442894,533
25,0.06502178311347961,534
25,0.12813590466976166,535
25,0.2546921968460083,536
25,0.2416047304868698,537
25,0.17401787638664246,538
25,0.12985482811927795,539
25,0.013277221471071243,540
25,-0.00444036116823554,541
25,0.016467105597257614,542
25,0.07958261668682098,543
26,0.19542886316776276,544
26,0.9922186732292175,545
26,0.9677349925041199,546
26,0.9121185541152954,547
26,0.8878363966941833,548
26,0.8432000279426575,549
26,0.764087438583374,550
26,0.6898399591445923,551
26,0.6554146409034729,552
26,0.6323409676551819,553
26,0.668225884437561,554
26,0.7228742837905884,555
26,0.8111130595207214,556
26,0.9480453729629517,557
26,0.9939687252044678,558
26,0.9979413151741028,559
26,1.0453038215637207,560
27,1.1640746593475342,561
27,1.0038169622421265,562
27,0.9491918087005615,563
27,0.9297406077384949,564
27,0.8457885384559631,565
27,0.7661758065223694,566
27,0.8940295577049255,567
27,0.9612650871276855,568
27,0.9502162933349609,569
27,0.9319092035293579,570
27,0.8724733591079712,571
27,0.8439790606498718,572
27,0.8500511050224304,573
27,0.9929496049880981,574
28,1.0289862155914307,575
28,0.9417539238929749,576
28,0.8053253293037415,577
28,0.7139955759048462,578
28,0.6738473773002625,579
28,0.6076598763465881,580
28,0.6278566718101501,581
28,0.6179043054580688,582
28,0.6552720069885254,583
28,0.8344972133636475,584
29,0.9341103434562683,585
29,1.0501898527145386,586
29,1.0282269716262817,587
29,0.8803579211235046,588
29,0.7557823657989502,589
29,0.734447181224823,590
29,0.6770471930503845,591
29,0.485323041677475,592
29,0.2890137732028961,593
29,0.16879160702228546,594
29,0.19456136226654053,595
29,-0.031582996249198914,596
29,-0.31411534547805786,597
30,-0.4418402910232544,598
30,0.9307911992073059,599
30,0.990260660648346,600
30,0.9996938705444336,601
30,0.8555599451065063,602
30,0.7688082456588745,603
30,0.8155543804168701,604
30,0.9363157153129578,605
30,0.9131126403808594,606
30,0.8476710915565491,607
30,0.9400466680526733,608
30,1.066784381866455,609
30,1.121893048286438,610
30,1.1476349830627441,611
30,1.088494062423706,612
30,0.9833725690841675,613
30,0.9302660226821899,614
30,0.9148496985435486,615
30,0.9363678693771362,616
31,1.039002776145935,617
31,1.0149028301239014,618
31,1.0389560461044312,619
31,1.0109308958053589,620
31,0.9498655796051025,621
31,0.9725196957588196,622
31,1.0669888257980347,623
31,0.9724524021148682,624
31,0.9227963089942932,625
31,1.0295032262802124,626
31,1.0435791015625,627
31,0.9847681522369385,628
31,1.0641778707504272,629
31,1.133577585220337,630
31,1.0535852909088135,631
32,1.0368324518203735,632
32,0.9586924910545349,633
32,0.9458409547805786,634
32,0.9725286364555359,635
32,0.9289038181304932,636
32,0.8681842088699341,637
32,0.8310556411743164,638
32,0.8786166906356812,639
32,0.9263908267021179,640
32,0.8807048797607422,641
32,0.8728981614112854,642
32,0.9330188035964966,643
32,1.0692665576934814,644
32,1.0489379167556763,645
32,0.8964253664016724,646
32,0.7806035876274109,647
32,0.6614844799041748,648
32,0.5884628891944885,649
32,0.6970704793930054,650
32,0.899200439453125,651
32,0.8850148320198059,652
32,0.8063656687736511,653
32,0.836696982383728,654
32,0.8603424429893494,655
32,0.7828778028488159,656
32,0.5876286029815674,657
32,0.4751035273075104,658
32,0.5833685994148254,659
32,0.5793989896774292,660
32,0.48754289746284485,661
32,0.4712163507938385,662
32,0.3134899437427521,663
32,0.12196429818868637,664
32,0.08045586943626404,665
33,0.14287535846233368,666
33,0.9956677556037903,667
33,0.9289262890815735,668
33,0.8951111435890198,669
33,0.9176388382911682,670
33,0.8163666129112244,671
33,0.6763487458229065,672
33,0.753589928150177,673
33,0.8462709188461304,674
33,0.7540906667709351,675
33,0.6756547093391418,676
33,0.6057358980178833,677
33,0.424355685710907,678
33,0.24475856125354767,679
34,0.04303412139415741,680
34,1.094388723373413,681
34,1.1143767833709717,682
34,1.0249526500701904,683
34,0.9159417748451233,684
34,0.9250912666320801,685
34,1.001665472984314,686
34,1.0600966215133667,687
34,1.0087320804595947,688
34,0.9826831817626953,689
34,0.9632161855697632,690
34,0.8159253001213074,691
34,0.8649803400039673,692
34,1.0218663215637207,693
34,1.0447332859039307,694
34,0.9047517776489258,695
34,0.8470388054847717,696
35,0.8158814907073975,697
35,0.8910188674926758,698
35,0.8840157985687256,699
35,0.9062942266464233,700
35,0.8251891732215881,701
35,0.8079848885536194,702
35,0.776210606098175,703
35,0.7159355282783508,704
35,0.6137984395027161,705
35,0.5879985690116882,706
35,0.5737960934638977,707
35,0.5887869596481323,708
35,0.6705992817878723,709
36,0.7682688236236572,710
36,0.9722392559051514,711
36,0.9418978095054626,712
36,0.9291689395904541,713
36,0.9319978356361389,714
36,0.8322383761405945,715
36,0.7092583775520325,716
36,0.6816959977149963,717
36,0.5886090397834778,718
36,0.3301478624343872,719
36,0.1471070796251297,720
37,0.09920675307512283,721
37,1.0343079566955566,722
37,1.0481916666030884,723
37,0.8993533253669739,724
37,0.8222672939300537,725
37,0.7932897806167603,726
37,0.7270004153251648,727
37,0.7203325629234314,728
37,0.7402650713920593,729
37,0.6346648335456848,730
38,0.5189710259437561,731
38,1.0043944120407104,732
38,0.9526174664497375,733
38,0.8872646689414978,734
38,0.9021336436271667,735
38,0.8894278407096863,736
38,0.7726040482521057,737
38,0.7221139669418335,738
38,0.6497808694839478,739
38,0.5098568797111511,740
38,0.43887391686439514,741
38,0.3084539473056793,742
38,0.22556844353675842,743
38,0.2125895470380783,744
38,0.24234575033187866,745
38,0.26725831627845764,746
39,0.20622976124286652,747
39,1.0686686038970947,748
39,0.982150673866272,749
39,0.8811238408088684,750
39,0.7732609510421753,751
39,0.7897166013717651,752
39,0.8418607115745544,753
39,0.734845757484436,754
39,0.649394690990448,755
39,0.586383044719696,756
39,0.6974693536758423,757
39,0.7190596461296082,758
39,0.4802418053150177,759
39,0.37967678904533386,760
40,0.36092883348464966,761
40,1.080267310142517,762
40,1.1145811080932617,763
40,1.0225166082382202,764
40,0.9607943892478943,765
40,0.9417003393173218,766
40,0.9699884057044983,767
40,1.0406849384307861,768
40,0.9472795724868774,769
40,0.7280933260917664,770
40,0.5476971864700317,771
40,0.2864941954612732,772
40,0.008635459467768669,773
40,-0.17518559098243713,774
40,-0.22681355476379395,775
40,-0.2602977156639099,776
40,-0.5175086855888367,777
40,-0.6324971318244934,778
41,-0.6632128357887268,779
41,0.9438788294792175,780
41,0.8153978586196899,781
41,0.7412884831428528,782
41,0.6746276021003723,783
41,0.6735899448394775,784
41,0.7904467582702637,785
41,0.8975546360015869,786
41,0.9371886849403381,787
41,1.010087013244629,788
41,1.2983101606369019,789
41,1.448644757270813,790
42,1.3465806245803833,791
42,0.9065749645233154,792
42,0.7360506653785706,793
42,0.5548160672187805,794
42,0.5124322772026062,795
42,0.44009798765182495,796
42,0.4294886291027069,797
42,0.5777246356010437,798
42,0.6295186877250671,799
43,0.6282480359077454,800
43,0.9408077001571655,801
43,0.9399527311325073,802
43,0.996390700340271,803
43,0.9030443429946899,804
43,0.836857259273529,805
43,0.8817643523216248,806
43,0.9627562165260315,807
43,1.0634222030639648,808
43,1.0375523567199707,809
43,0.9850598573684692,810
43,0.8237376809120178,811
43,0.5518306493759155,812
43,0.35828256607055664,813
43,0.045913778245449066,814
43,-0.13556747138500214,815
43,-0.13964349031448364,816
43,-0.08236245810985565,817
43,-0.10672847926616669,818
44,-0.17643223702907562,819
44,0.9440553784370422,820
44,0.8313261866569519,821
44,0.6499481201171875,822
44,0.5444754958152771,823
44,0.5563559532165527,824
44,0.4641556143760681,825
44,0.12213350087404251,826
44,-0.14617642760276794,827
45,-0.36537081003189087,828
45,0.9416692852973938,829
45,0.8363659381866455,830
45,0.6860871911048889,831
45,0.6332117319107056,832
45,0.7482461333274841,833
45,0.8457591533660889,834
45,0.9049602746963501,835
45,1.0271167755126953,836
45,1.1400874853134155,837
45,1.1281054019927979,838
45,1.2186572551727295,839
45,1.3700799942016602,840
45,1.2970050573349,841
45,1.1512306928634644,842
45,1.1595102548599243,843
46,1.1820313930511475,844
46,0.9583527445793152,845
46,0.9877104163169861,846
46,1.0897279977798462,847
46,0.9976088404655457,848
46,0.9564183950424194,849
46,0.9954141974449158,850
46,1.0307273864746094,851
46,1.0333821773529053,852
46,0.921133279800415,853
46,0.924311637878418,854
46,0.9620056748390198,855
46,1.0418318510055542,856
46,1.2693406343460083,857
46,1.3136290311813354,858
46,1.197309136390686,859
46,1.1498326063156128,860
46,1.0754005908966064,861
46,0.9100300669670105,862
46,0.884389340877533,863
46,0.9130744338035583,864
47,0.8859614729881287,865
47,1.0144366025924683,866
47,1.0489463806152344,867
47,0.9706330895423889,868
47,1.0032950639724731,869
47,1.1499252319335938,870
47,1.0700626373291016,871
47,0.9972037672996521,872
47,1.1157457828521729,873
47,1.1730295419692993,874
47,1.133117437362671,875
47,1.0954161882400513,876
47,1.0918670892715454,877
47,1.0545135736465454,878
47,0.9390673637390137,879
47,0.9588575959205627,880
47,1.143007516860962,881
47,1.153226613998413,882
47,0.9371532797813416,883
47,0.8045146465301514,884
47,0.8182424902915955,885
47,0.7474715709686279,886
47,0.6704230308532715,887
47,0.6593359708786011,888
48,0.5336700677871704,889
48,1.015809178352356,890
48,0.9053377509117126,891
48,0.8125883340835571,892
48,0.8065820932388306,893
48,0.8637266159057617,894
48,0.83957839012146,895
48,0.6643305420875549,896
48,0.6222671866416931,897
48,0.6114071607589722,898
48,0.5162513852119446,899
48,0.3594540059566498,900
49,0.2853640019893646,901
49,1.018860101699829,902
49,1.0311866998672485,903
49,1.0304226875305176,904
49,0.9879894256591797,905
49,0.9010748267173767,906
49,0.8862854838371277,907
49,0.8917252421379089,908
49,0.9502938985824585,909
49,0.962899923324585,910
49,0.8902907371520996,911
49,0.8565095067024231,912
49,0.902147114276886,913
49,0.9160668849945068,914
50,0.8480483293533325,915
50,0.9997273683547974,916
50,0.9024848937988281,917
50,0.8265337347984314,918
50,0.7250837087631226,919
50,0.6315320730209351,920
50,0.7760338187217712,921
50,0.829562783241272,922
50,0.546817421913147,923
50,0.2663134038448334,924
50,0.15118087828159332,925
50,-0.0007153806509450078,926
51,-0.2807369828224182,927
51,1.0554245710372925,928
51,0.9998704195022583,929
51,0.8857431411743164,930
51,0.7730306386947632,931
51,0.6782404780387878,932
51,0.631508469581604,933
51,0.6488091945648193,934
51,0.7385610938072205,935
51,0.7780299782752991,936
52,0.8194640874862671,937
52,1.0149099826812744,938
52,0.959877073764801,939
52,0.9213237762451172,940
52,0.9539758563041687,941
52,0.9364943504333496,942
52,0.9726704955101013,943
52,1.0704171657562256,944
52,0.99180006980896,945
52,0.9025314450263977,946
52,0.7598798274993896,947
52,0.47236600518226624,948
52,0.3193471431732178,949
52,0.32849428057670593,950
52,0.3186650276184082,951
52,0.20090137422084808,952
52,0.17176149785518646,953
52,0.3382019102573395,954
52,0.3616715669631958,955
52,0.4602053165435791,956
52,0.5634453892707825,957
53,0.611966073513031,958
53,0.9555381536483765,959
53,0.9738976955413818,960
53,0.9653531908988953,961
53,0.9102798104286194,962
53,0.868321418762207,963
53,0.7885861992835999,964
53,0.7906705737113953,965
53,0.759435772895813,966
53,0.743826687335968,967
53,0.7170224189758301,968
53,0.5386293530464172,969
53,0.3516155183315277,970
53,0.06887935847043991,971
53,-0.17898257076740265,972
53,-0.39266079664230347,973
53,-0.515541672706604,974
53,-0.5793360471725464,975
54,-0.5619663000106812,976
54,0.9546623229980469,977
54,0.8281471133232117,978
54,0.6197002530097961,979
54,0.49983829259872437,980
54,0.5383463501930237,981
54,0.45930156111717224,982
54,0.3781593441963196,983
54,0.24944955110549927,984
55,0.1681186854839325,985
55,0.9975213408470154,986
55,0.9922852516174316,987
55,0.9305531978607178,988
55,0.8811566233634949,989
55,0.901962161064148,990
55,0.880905270576477,991
55,0.796083390712738,992
55,0.7417184710502625,993
55,0.6098648905754089,994
55,0.4521234631538391,995
55,0.17885343730449677,996
55,-0.019838280975818634,997
56,-0.15757670998573303,998
56,0.9257892966270447,999
56,0.8777868747711182,1000
56,0.9235266447067261,1001
56,0.9645506143569946,1002
56,0.906329333782196,1003
56,0.7858078479766846,1004
56,0.7669310569763184,1005
56,0.8065905570983887,1006
56,0.8226902484893799,1007
56,0.884754478931427,1008
56,1.1324621438980103,1009
56,1.2935490608215332,1010
56,1.427847981452942,1011
56,1.4554970264434814,1012
56,1.5000721216201782,1013
56,1.6468809843063354,1014
56,1.798524022102356,1015
56,2.0354607105255127,1016
56,2.029116630554199,1017
56,1.966088056564331,1018
56,2.1731834411621094,1019
56,2.405527353286743,1020
56,2.433201313018799,1021
56,2.5035452842712402,1022
56,2.519277334213257,1023
56,2.4897356033325195,1024
56,2.6434128284454346,1025
56,2.698845148086548,1026
56,2.68384051322937,1027
56,2.774632215499878,1028
56,2.759343385696411,1029
57,2.726362705230713,1030
57,0.9400205612182617,1031
57,0.8819449543952942,1032
57,0.8524555563926697,1033
57,0.8109728097915649,1034
57,0.7037928104400635,1035
57,0.564741849899292,1036
57,0.5624299049377441,1037
57,0.6119628548622131,1038
57,0.5526307821273804,1039
57,0.27215513586997986,1040
57,-0.06386177986860275,1041
58,-0.15954595804214478,1042
58,1.0614557266235352,1043
58,1.0366102457046509,1044
58,0.9734372496604919,1045
58,0.883394718170166,1046
58,0.7947379350662231,1047
58,0.8322309851646423,1048
58,0.8677898049354553,1049
58,0.7492720484733582,1050
58,0.6289106011390686,1051
58,0.5621084570884705,1052
58,0.5831568241119385,1053
58,0.6281534433364868,1054
58,0.6250666975975037,1055
58,0.5471996665000916,1056
58,0.4239112436771393,1057
58,0.3509143590927124,1058
58,0.3100346326828003,1059
59,0.2988356053829193,1060
59,1.0516403913497925,1061
59,1.0240275859832764,1062
59,1.0457515716552734,1063
59,1.0264338254928589,1064
59,0.940671443939209,1065
59,0.9653521180152893,1066
59,0.9157363176345825,1067
59,0.9124626517295837,1068
59,0.9216196537017822,1069
59,0.9542441964149475,1070
59,1.1237972974777222,1071
59,1.2572333812713623,1072
59,1.3813800811767578,1073
59,1.4748257398605347,1074
59,1.4990274906158447,1075
59,1.4592446088790894,1076
59,1.3597863912582397,1077
59,1.2554821968078613,1078
59,1.1639512777328491,1079
59,1.0180671215057373,1080
59,0.8788335919380188,1081
59,0.8552402257919312,1082
59,0.9625937342643738,1083
59,1.0735608339309692,1084
59,1.0970414876937866,1085
59,1.181546688079834,1086
59,1.2742048501968384,1087
59,1.4576674699783325,1088
59,1.521083116531372,1089
59,1.4605118036270142,1090
59,1.3438881635665894,1091
59,1.0698095560073853,1092
59,0.832754909992218,1093
60,0.6573233008384705,1094
60,0.9968608617782593,1095
60,1.0114715099334717,1096
60,1.0192383527755737,1097
60,1.007289171218872,1098
60,0.9664366841316223,1099
60,0.8633134365081787,1100
60,0.8529980182647705,1101
60,0.8881170153617859,1102
60,0.8821285963058472,1103
60,0.9089689254760742,1104
60,0.920260488986969,1105
60,0.9182531237602234,1106
60,0.9518425464630127,1107
60,0.9325933456420898,1108
60,0.8009806275367737,1109
60,0.6209869980812073,1110
60,0.43087783455848694,1111
61,0.4045301377773285,1112
61,1.0517470836639404,1113
61,1.0655255317687988,1114
61,1.003692865371704,1115
61,0.9430934190750122,1116
61,0.8529654145240784,1117
61,0.817134439945221,1118
61,0.7796289324760437,1119
61,0.6448894143104553,1120
61,0.46215903759002686,1121
61,0.33534523844718933,1122
61,0.3669097125530243,1123
61,0.30080440640449524,1124
61,0.1825411170721054,1125
62,0.2204441875219345,1126
62,0.9643015265464783,1127
62,0.9979431629180908,1128
62,1.0262622833251953,1129
62,1.0450230836868286,1130
62,1.0865470170974731,1131
62,1.0270345211029053,1132
62,0.9348713755607605,1133
62,0.9649733304977417,1134
62,1.0087573528289795,1135
62,0.9756452441215515,1136
62,1.0719318389892578,1137
62,1.1431405544281006,1138
62,1.2786085605621338,1139
62,1.522387146949768,1140
63,1.4475725889205933,1141
63,0.9188827872276306,1142
63,0.7757440805435181,1143
63,0.7288992404937744,1144
63,0.8412463068962097,1145
63,0.841803252696991,1146
63,0.6951891183853149,1147
63,0.753445029258728,1148
63,0.8717567324638367,1149
63,0.8175944089889526,1150
63,0.6680653691291809,1151
63,0.6156795620918274,1152
63,0.6886460781097412,1153
63,0.774312436580658,1154
63,0.8353634476661682,1155
63,0.8437341451644897,1156
63,0.8683913946151733,1157
63,0.8647170662879944,1158
63,0.7637857794761658,1159
63,0.6918048858642578,1160
63,0.7296751737594604,1161
63,0.7940983176231384,1162
63,0.8745890259742737,1163
63,0.8667250275611877,1164
63,0.681714653968811,1165
63,0.6121964454650879,1166
63,0.6578919887542725,1167
63,0.8001226782798767,1168
63,0.8539228439331055,1169
63,0.7446803450584412,1170
63,0.6356902718544006,1171
63,0.4426664113998413,1172
64,0.42888742685317993,1173
64,0.9188796281814575,1174
64,0.8388063311576843,1175
64,0.8829454779624939,1176
64,0.9254726767539978,1177
64,0.9361620545387268,1178
64,1.0005249977111816,1179
64,1.0474950075149536,1180
64,1.0783652067184448,1181
64,1.1171393394470215,1182
64,1.096413016319275,1183
64,1.1411954164505005,1184
64,1.247641682624817,1185
64,1.2355849742889404,1186
64,1.2291737794876099,1187
64,1.338451623916626,1188
64,1.3266900777816772,1189
64,1.1600579023361206,1190
64,1.0969246625900269,1191
64,1.0390691757202148,1192
64,0.8612228035926819,1193
64,0.6506052613258362,1194
64,0.4762296974658966,1195
64,0.3973032236099243,1196
64,0.2816179692745209,1197
64,0.17402026057243347,1198
64,0.11189912259578705,1199
64,0.03624020144343376,1200
64,-0.10012068599462509,1201
65,-0.1298912763595581,1202
65,0.9931963086128235,1203
65,1.0508781671524048,1204
65,1.0270949602127075,1205
65,0.8878598809242249,1206
65,0.7659191489219666,1207
65,0.7011277079582214,1208
65,0.51775062084198,1209
65,0.2436802089214325,1210
65,0.025831127539277077,1211
65,0.09401368349790573,1212
65,0.34182074666023254,1213
65,0.4350481927394867,1214
65,0.3957797884941101,1215
66,0.4069412052631378,1216
66,0.9984959959983826,1217
66,0.9920868873596191,1218
66,0.926784336566925,1219
66,0.8884549736976624,1220
66,0.9554538130760193,1221
66,1.0160430669784546,1222
66,0.9601036310195923,1223
66,0.8876909017562866,1224
66,0.8610191345214844,1225
66,0.7907716631889343,1226
66,0.7608059644699097,1227
66,0.7905259132385254,1228
66,0.7778610587120056,1229
66,0.8014599680900574,1230
66,0.8370949625968933,1231
66,0.8067572712898254,1232
67,0.821216881275177,1233
67,0.992619514465332,1234
67,0.9862216114997864,1235
67,0.9506996273994446,1236
67,0.8519121408462524,1237
67,0.7136608958244324,1238
67,0.6045975685119629,1239
67,0.5697860717773438,1240
67,0.4862644672393799,1241
67,0.3398886024951935,1242
67,0.34319019317626953,1243
67,0.17837172746658325,1244
67,-0.029778871685266495,1245
67,-0.08984170109033585,1246
68,-0.2759820222854614,1247
68,0.9812146425247192,1248
68,1.0200600624084473,1249
68,1.0473480224609375,1250
68,0.9500938653945923,1251
68,0.9310329556465149,1252
68,0.9766948819160461,1253
68,1.0297174453735352,1254
68,1.035719394683838,1255
68,1.0589056015014648,1256
68,1.041800856590271,1257
68,1.004880666732788,1258
68,1.0515607595443726,1259
68,0.915237545967102,1260
68,0.6083787083625793,1261
68,0.4515959620475769,1262
68,0.43440547585487366,1263
68,0.3808355927467346,1264
68,0.2122102528810501,1265
68,0.11952567845582962,1266
68,0.1757223755121231,1267
68,0.09105563908815384,1268
68,0.08381486684083939,1269
68,0.29999279975891113,1270
68,0.3130878210067749,1271
69,0.1548422873020172,1272
69,1.0252742767333984,1273
69,1.024760365486145,1274
69,0.9230509400367737,1275
69,0.776599109172821,1276
69,0.6703348755836487,1277
69,0.6604334115982056,1278
69,0.7435012459754944,1279
69,0.6850695013999939,1280
69,0.5528299808502197,1281
69,0.44684505462646484,1282
70,0.4105260372161865,1283
70,1.001327395439148,1284
70,1.0343043804168701,1285
70,1.0854201316833496,1286
70,1.1222299337387085,1287
70,1.052340030670166,1288
70,0.8521884679794312,1289
70,0.7083117961883545,1290
70,0.6842846870422363,1291
70,0.6643534898757935,1292
70,0.5987085103988647,1293
70,0.6041646003723145,1294
70,0.7998767495155334,1295
70,0.8813328742980957,1296
71,0.8328173160552979,1297
71,1.0027506351470947,1298
71,0.8886668086051941,1299
71,0.814225971698761,1300
71,0.7881567478179932,1301
71,0.8206073641777039,1302
71,0.864213228225708,1303
71,0.8687543272972107,1304
71,0.8966779708862305,1305
71,0.7988339066505432,1306
71,0.7431823015213013,1307
71,0.7875919342041016,1308
71,0.7822743654251099,1309
71,0.634403645992279,1310
71,0.5633841156959534,1311
71,0.5118700861930847,1312
71,0.33807629346847534,1313
71,0.13622938096523285,1314
71,0.05735677108168602,1315
72,0.007169103715568781,1316
72,1.0296283960342407,1317
72,1.0006903409957886,1318
72,0.8432875871658325,1319
72,0.7810792326927185,1320
72,0.6685712933540344,1321
72,0.5731329321861267,1322
72,0.5615054368972778,1323
72,0.46026429533958435,1324
72,0.2646512985229492,1325
73,0.21650268137454987,1326
73,0.945734441280365,1327
73,0.9067424535751343,1328
73,0.91434645652771,1329
73,0.9051538109779358,1330
73,0.7670623064041138,1331
73,0.6884666681289673,1332
73,0.676673173904419,1333
73,0.5163418650627136,1334
73,0.45569732785224915,1335
73,0.4330686926841736,1336
73,0.34971898794174194,1337
73,0.22681735455989838,1338
73,0.13469988107681274,1339
74,0.1385899931192398,1340
74,0.937059223651886,1341
74,0.8826858401298523,1342
74,0.930425226688385,1343
74,0.9991536736488342,1344
74,1.1254500150680542,1345
74,1.1866939067840576,1346
74,1.151077151298523,1347
74,1.175841212272644,1348
74,1.1131024360656738,1349
74,0.9978352189064026,1350
74,0.9791317582130432,1351
74,0.9692656993865967,1352
74,0.8856825828552246,1353
74,0.844154953956604,1354
74,0.8452578186988831,1355
74,0.8431180119514465,1356
74,0.8314149975776672,1357
74,0.9107674360275269,1358
75,1.0084909200668335,1359
75,1.0561485290527344,1360
75,1.012082815170288,1361
75,0.9801254868507385,1362
75,1.0407968759536743,1363
75,1.0075958967208862,1364
75,0.9554802775382996,1365
75,0.9166532158851624,1366
75,0.760972797870636,1367
75,0.7029281854629517,1368
75,0.726360023021698,1369
75,0.8007354140281677,1370
75,0.9304907321929932,1371
76,0.9689164757728577,1372
76,0.8982117772102356,1373
76,0.8893011808395386,1374
76,1.0144445896148682,1375
76,1.1596636772155762,1376
76,1.1575931310653687,1377
76,1.064978003501892,1378
76,1.0673301219940186,1379
76,1.0228862762451172,1380
76,0.9239128232002258,1381
76,0.8070186972618103,1382
76,0.7560156583786011,1383
76,0.6739212274551392,1384
76,0.5451748371124268,1385
76,0.4987550377845764,1386
76,0.3686473071575165,1387
76,0.24483253061771393,1388
76,0.20117658376693726,1389
76,0.10217210650444031,1390
77,0.08630335330963135,1391
77,0.9956541061401367,1392
77,1.0381394624710083,1393
77,1.1123775243759155,1394
77,1.0966967344284058,1395
77,1.0526933670043945,1396
77,1.0651270151138306,1397
77,1.0614895820617676,1398
77,0.9803470969200134,1399
77,0.9328547120094299,1400
77,1.030836820602417,1401
77,1.0887341499328613,1402
77,1.0622729063034058,1403
77,1.16991126537323,1404
77,1.1703189611434937,1405
77,1.0211737155914307,1406
77,0.8821817636489868,1407
77,0.7340940237045288,1408
77,0.7227675914764404,1409
78,0.7822128534317017,1410
78,0.9524415135383606,1411
78,0.8031559586524963,1412
78,0.7126674652099609,1413
78,0.7109550833702087,1414
78,0.7505006790161133,1415
78,0.7423846125602722,1416
78,0.5730973482131958,1417
78,0.42909687757492065,1418
78,0.4559956192970276,1419
78,0.5111775994300842,1420
78,0.49023038148880005,1421
79,0.45281440019607544,1422
79,0.9374005198478699,1423
79,0.8424331545829773,1424
79,0.7832933068275452,1425
79,0.6536524295806885,1426
79,0.6141230463981628,1427
79,0.6198840737342834,1428
79,0.6145076751708984,1429
79,0.6234601736068726,1430
79,0.47495684027671814,1431
80,0.20842550694942474,1432
80,1.0049223899841309,1433
80,1.0487819910049438,1434
80,1.0597624778747559,1435
80,0.984485924243927,1436
80,0.996424674987793,1437
80,1.0455800294876099,1438
80,0.893180787563324,1439
80,0.8187516927719116,1440
80,0.9187145233154297,1441
80,1.0517348051071167,1442
80,1.1929365396499634,1443
80,1.3640949726104736,1444
80,1.418465495109558,1445
80,1.2392858266830444,1446
80,1.0165586471557617,1447
81,0.905730664730072,1448
81,1.0168625116348267,1449
81,1.053980827331543,1450
81,1.014949083328247,1451
81,0.949804425239563,1452
81,0.9619181156158447,1453
81,0.868371844291687,1454
81,0.667884349822998,1455
81,0.6246829032897949,1456
81,0.6338505744934082,1457
81,0.6550442576408386,1458
81,0.710224986076355,1459
81,0.7442560195922852,1460
81,0.7957400679588318,1461
81,0.8471379280090332,1462
82,0.939476490020752,1463
82,0.9857206344604492,1464
82,0.936020016670227,1465
82,0.8440905213356018,1466
82,0.688631534576416,1467
82,0.5664878487586975,1468
82,0.6604346036911011,1469
82,0.7720988392829895,1470
82,0.5757559537887573,1471
82,0.4678771495819092,1472
82,0.4793168902397156,1473
82,0.3638991117477417,1474
82,0.3749924302101135,1475
82,0.5089068412780762,1476
82,0.5632357001304626,1477
82,0.5508758425712585,1478
82,0.5362945795059204,1479
83,0.6923284530639648,1480
83,1.032426118850708,1481
83,1.0771329402923584,1482
83,0.9708293676376343,1483
83,0.7799350619316101,1484
83,0.7100052237510681,1485
83,0.8262320160865784,1486
83,0.9473761916160583,1487
83,1.093818187713623,1488
83,1.235766887664795,1489
83,1.092470407485962,1490
83,0.9551888704299927,1491
83,0.86469966173172,1492
83,0.9838153123855591,1493
83,1.1054695844650269,1494
83,1.049959421157837,1495
83,1.047411561012268,1496
83,0.9651318192481995,1497
83,1.1045143604278564,1498
83,1.1380220651626587,1499
83,1.069210410118103,1500
83,1.1442735195159912,1501
83,1.188745379447937,1502
83,1.2508301734924316,1503
83,1.3132286071777344,1504
83,1.3672025203704834,1505
83,1.3422794342041016,1506
83,1.214618444442749,1507
83,1.0956205129623413,1508
83,1.0725417137145996,1509
83,1.1888598203659058,1510
83,1.2486222982406616,1511
83,1.0170315504074097,1512
83,0.7612305283546448,1513
84,0.6200303435325623,1514
84,0.9979469180107117,1515
84,0.931393563747406,1516
84,0.8932183980941772,1517
84,0.9951848983764648,1518
84,1.1006101369857788,1519
84,1.097575068473816,1520
84,0.990362823009491,1521
84,0.8705388903617859,1522
84,0.7645816802978516,1523
84,0.6690519452095032,1524
84,0.4602680802345276,1525
84,0.36410847306251526,1526
84,0.4012526273727417,1527
84,0.2955126464366913,1528
84,0.1100061759352684,1529
84,0.1228252649307251,1530
84,0.23048008978366852,1531
84,0.3472146987915039,1532
85,0.4018135964870453,1533
85,0.9777364134788513,1534
85,0.8447020649909973,1535
85,0.7610851526260376,1536
85,0.834949254989624,1537
85,0.8863239288330078,1538
85,0.9437389969825745,1539
85,0.9535397291183472,1540
85,0.9232552647590637,1541
85,0.8580824732780457,1542
85,0.7306337356567383,1543
85,0.7144308090209961,1544
85,0.6385583281517029,1545
85,0.46562841534614563,1546
86,0.40511035919189453,1547
86,0.9493551850318909,1548
86,0.8395724892616272,1549
86,0.7633883357048035,1550
86,0.6463919878005981,1551
86,0.5512958765029907,1552
86,0.5066314339637756,1553
86,0.4729350507259369,1554
86,0.5737954378128052,1555
87,0.6687452793121338,1556
87,0.9198659062385559,1557
87,0.8791310787200928,1558
87,0.8360475301742554,1559
87,0.7407943606376648,1560
87,0.6446250677108765,1561
87,0.6458719372749329,1562
87,0.6340000033378601,1563
87,0.6155000925064087,1564
88,0.5345892906188965,1565
88,1.0046755075454712,1566
88,1.0198956727981567,1567
88,1.0444859266281128,1568
88,1.0431230068206787,1569
88,0.9991904497146606,1570
88,1.029551386833191,1571
88,1.025338888168335,1572
88,0.8875173330307007,1573
88,0.8802401423454285,1574
88,0.9716697335243225,1575
88,0.900367796421051,1576
88,0.8699348568916321,1577
88,1.0656614303588867,1578
88,1.196387767791748,1579
88,1.2086870670318604,1580
88,1.2482786178588867,1581
88,1.376404881477356,1582
88,1.4967998266220093,1583
89,1.5704320669174194,1584
89,0.9428719878196716,1585
89,0.8066199421882629,1586
89,0.7424517273902893,1587
89,0.7423385977745056,1588
89,0.7512855529785156,1589
89,0.8873728513717651,1590
89,0.9249098300933838,1591
89,0.8064467310905457,1592
89,0.559532642364502,1593
89,0.20878563821315765,1594
89,0.02548842318356037,1595
90,-0.023740623146295547,1596
90,0.9684590697288513,1597
90,0.907958984375,1598
90,0.7627987265586853,1599
90,0.6500346064567566,1600
90,0.6698510050773621,1601
90,0.6513801217079163,1602
90,0.7142330408096313,1603
90,0.90224689245224,1604
90,0.9971802830696106,1605
90,0.9599060416221619,1606
90,0.8905634880065918,1607
90,0.9567556381225586,1608
90,0.9744412899017334,1609
90,0.8406563997268677,1610
90,0.7499039173126221,1611
90,0.7549036145210266,1612
91,0.717668890953064,1613
91,1.0059480667114258,1614
91,0.9887916445732117,1615
91,0.9556167125701904,1616
91,0.8773627877235413,1617
91,0.781852662563324,1618
91,0.7922624945640564,1619
91,0.9029999375343323,1620
91,0.8924634456634521,1621
91,0.706576943397522,1622
91,0.5133618712425232,1623
91,0.3533904552459717,1624
91,0.35735058784484863,1625
92,0.4609828591346741,1626
92,0.9365165829658508,1627
92,0.9319474697113037,1628
92,0.9647874236106873,1629
92,1.047209620475769,1630
92,1.1864315271377563,1631
92,1.2860702276229858,1632
92,1.2411224842071533,1633
92,1.2649726867675781,1634
92,1.33243727684021,1635
92,1.2805885076522827,1636
92,1.2326831817626953,1637
92,1.19551682472229,1638
92,1.0850152969360352,1639
92,1.0097044706344604,1640
93,0.9621742367744446,1641
93,0.9680182337760925,1642
93,0.9034031629562378,1643
93,0.8633635640144348,1644
93,0.835756778717041,1645
93,0.8043240904808044,1646
93,0.8533583283424377,1647
93,0.9527280926704407,1648
93,0.9630019664764404,1649
93,1.0139461755752563,1650
93,1.115602731704712,1651
93,1.2647525072097778,1652
93,1.5269793272018433,1653
93,1.6436707973480225,1654
93,1.5463911294937134,1655
93,1.3419514894485474,1656
93,1.3220657110214233,1657
93,1.342734694480896,1658
93,1.1974678039550781,1659
93,1.1565749645233154,1660
93,1.2901291847229004,1661
93,1.3380719423294067,1662
93,1.345693826675415,1663
93,1.3640440702438354,1664
94,1.1511236429214478,1665
94,0.9295408129692078,1666
94,0.7969760298728943,1667
94,0.7766385674476624,1668
94,0.8573620319366455,1669
94,0.8612006902694702,1670
94,0.8312917351722717,1671
94,0.85355144739151,1672
94,0.7858557105064392,1673
94,0.7262170910835266,1674
94,0.7682600021362305,1675
94,0.864037036895752,1676
94,0.7902619242668152,1677
94,0.5260613560676575,1678
94,0.31830281019210815,1679
94,0.23684675991535187,1680
95,0.05256642401218414,1681
95,0.9466986656188965,1682
95,0.9457181096076965,1683
95,1.058319091796875,1684
95,1.0742466449737549,1685
95,0.9382460713386536,1686
95,0.8241452574729919,1687
95,0.7459710836410522,1688
95,0.6766542792320251,1689
95,0.7681223154067993,1690
95,1.0184688568115234,1691
95,1.1901428699493408,1692
95,1.368149757385254,1693
95,1.5619975328445435,1694
95,1.5851609706878662,1695
95,1.4923758506774902,1696
95,1.3388656377792358,1697
95,1.2163870334625244,1698
95,1.2465685606002808,1699
95,1.3385040760040283,1700
95,1.3987162113189697,1701
95,1.4244691133499146,1702
95,1.269791603088379,1703
95,1.183410406112671,1704
95,1.1827366352081299,1705
95,1.12409508228302,1706
95,1.0940839052200317,1707
95,1.033062219619751,1708
96,0.8258299827575684,1709
96,0.9751765727996826,1710
96,0.9307332038879395,1711
96,0.9833388924598694,1712
96,0.9281651973724365,1713
96,0.7340418696403503,1714
96,0.7470165491104126,1715
96,0.8162040114402771,1716
96,0.7506455183029175,1717
96,0.8133813738822937,1718
96,0.974455714225769,1719
96,1.0616023540496826,1720
96,1.0061687231063843,1721
96,0.8357864022254944,1722
96,0.724291980266571,1723
96,0.6035450100898743,1724
96,0.5753145217895508,1725
97,0.4787865877151489,1726
97,0.9758890867233276,1727
97,0.9875230193138123,1728
97,0.9891533255577087,1729
97,0.9758771657943726,1730
97,0.9299551248550415,1731
97,0.8058179020881653,1732
97,0.7422853112220764,1733
97,0.7501246929168701,1734
97,0.8672869801521301,1735
97,0.8367810845375061,1736
97,0.7046810984611511,1737
97,0.7291579842567444,1738
97,0.8412307500839233,1739
97,0.929571270942688,1740
97,0.8452902436256409,1741
97,0.7522301077842712,1742
97,0.8325432538986206,1743
97,0.7638629078865051,1744
97,0.6449760794639587,1745
97,0.6166908740997314,1746
97,0.5641209483146667,1747
97,0.4528677761554718,1748
97,0.3073549270629883,1749
97,0.20423272252082825,1750
97,0.2553161680698395,1751
97,0.43498384952545166,1752
98,0.5549228191375732,1753
98,0.9789230823516846,1754
98,0.8700274229049683,1755
98,0.8119274377822876,1756
98,0.8034207820892334,1757
98,0.8113826513290405,1758
98,0.8705025911331177,1759
98,0.8535485863685608,1760
98,0.8523569703102112,1761
98,0.934540867805481,1762
98,0.818493127822876,1763
98,0.5649144649505615,1764
98,0.3699258863925934,1765
98,0.2966306805610657,1766
98,0.2602391839027405,1767
99,0.0425591804087162,1768
99,0.985373318195343,1769
99,0.9896743893623352,1770
99,0.9126497507095337,1771
99,0.8233804106712341,1772
99,0.8932360410690308,1773
99,0.9962146282196045,1774
99,0.8815736770629883,1775
99,0.7852783799171448,1776
99,0.7345477938652039,1777
99,0.7239358425140381,1778
99,0.7704121470451355,1779
99,0.9041352272033691,1780
100,1.0815385580062866,1781
100,1.0058287382125854,1782
100,0.9637947678565979,1783
100,0.8443805575370789,1784
100,0.7289880514144897,1785
100,0.6060889363288879,1786
100,0.5777373313903809,1787
100,0.6367219686508179,1788
100,0.5891590118408203,1789
100,0.5911876559257507,1790
100,0.6125026941299438,1791
100,0.5942808389663696,1792
100,0.5486016869544983,1793
100,0.3886669874191284,1794
100,0.037441108375787735,1795
101,-0.2414402812719345,1796
101,0.9217907190322876,1797
101,0.7771376371383667,1798
101,0.6250752806663513,1799
101,0.47095987200737,1800
101,0.23661445081233978,1801
101,0.010608159936964512,1802
101,-0.04476262256503105,1803
101,-0.16551263630390167,1804
101,-0.2806392014026642,1805
101,-0.24163810908794403,1806
101,-0.1513838917016983,1807
101,-0.08394965529441833,1808
101,-0.029762810096144676,1809
102,-0.11312230676412582,1810
102,0.9566534757614136,1811
102,0.9236247539520264,1812
102,0.8806021213531494,1813
102,0.8786612749099731,1814
102,0.9486469626426697,1815
102,0.8595445156097412,1816
102,0.7298016548156738,1817
102,0.7443230152130127,1818
102,0.7404232621192932,1819
102,0.6973918676376343,1820
102,0.7645450234413147,1821
102,0.8380569219589233,1822
102,0.6699581742286682,1823
102,0.4758493900299072,1824
103,0.37485024333000183,1825
103,0.99947190284729,1826
103,0.9189373850822449,1827
103,0.760899543762207,1828
103,0.7463011741638184,1829
103,0.7034248113632202,1830
103,0.5126486420631409,1831
103,0.2407873123884201,1832
103,-0.0023071374744176865,1833
103,0.007469089701771736,1834
103,-0.08801499009132385,1835
104,-0.2607795298099518,1836
104,0.9336015582084656,1837
104,0.8666172623634338,1838
104,0.7876877188682556,1839
104,0.7247731685638428,1840
104,0.6527374386787415,1841
104,0.5492861270904541,1842
104,0.5000283122062683,1843
104,0.44134020805358887,1844
105,0.4042516052722931,1845
105,0.990925669670105,1846
105,0.87138432264328,1847
105,0.8724027872085571,1848
105,0.9621127247810364,1849
105,0.9930416345596313,1850
105,0.9423853754997253,1851
105,0.8259060978889465,1852
105,0.6553913354873657,1853
105,0.5034552216529846,1854
105,0.5199065804481506,1855
105,0.6205808520317078,1856
105,0.5166919231414795,1857
106,0.412996768951416,1858
106,0.955827534198761,1859
106,0.912466287612915,1860
106,0.8941765427589417,1861
106,0.9561633467674255,1862
106,1.1391998529434204,1863
106,1.2954654693603516,1864
106,1.2832820415496826,1865
106,1.0875178575515747,1866
106,0.9732095003128052,1867
106,0.9196373820304871,1868
106,0.8171027302742004,1869
106,0.6487864255905151,1870
106,0.5581238269805908,1871
106,0.6560759544372559,1872
107,0.7424080967903137,1873
107,1.08319890499115,1874
107,1.06819748878479,1875
107,0.9168269038200378,1876
107,0.7749271392822266,1877
107,0.6578390002250671,1878
107,0.5793484449386597,1879
107,0.5206447243690491,1880
107,0.45829451084136963,1881
107,0.49356746673583984,1882
107,0.48832637071609497,1883
107,0.3769363462924957,1884
108,0.14772258698940277,1885
108,0.9996500611305237,1886
108,0.9127486944198608,1887
108,0.8504502773284912,1888
108,0.7581096887588501,1889
108,0.6067465543746948,1890
108,0.5989691019058228,1891
108,0.7082606554031372,1892
108,0.8030926585197449,1893
109,0.7600823044776917,1894
109,0.9568796753883362,1895
109,0.8752569556236267,1896
109,0.8125135898590088,1897
109,0.8183700442314148,1898
109,0.758708119392395,1899
109,0.7179267406463623,1900
109,0.7561551928520203,1901
109,0.743320643901825,1902
109,0.6340503096580505,1903
109,0.5364493727684021,1904
109,0.4383244812488556,1905
109,0.314046174287796,1906
110,0.2921144962310791,1907
110,0.9974163770675659,1908
110,0.9046178460121155,1909
110,0.837888240814209,1910
110,0.8650664687156677,1911
110,0.7839708924293518,1912
110,0.6605178117752075,1913
110,0.6536155939102173,1914
110,0.611961305141449,1915
111,0.489749014377594,1916
111,0.9208282232284546,1917
111,0.7798606157302856,1918
111,0.63974928855896,1919
111,0.5444312691688538,1920
111,0.4903600513935089,1921
111,0.4209688901901245,1922
111,0.5049048662185669,1923
111,0.5151566863059998,1924
111,0.45284774899482727,1925
111,0.5243614315986633,1926
111,0.5902740955352783,1927
111,0.6647355556488037,1928
112,0.5204561948776245,1929
112,0.963261604309082,1930
112,0.8459224700927734,1931
112,0.8030416369438171,1932
112,0.7426424622535706,1933
112,0.7237406373023987,1934
112,0.6926987767219543,1935
112,0.7219938635826111,1936
112,0.7708325386047363,1937
112,0.7346740365028381,1938
112,0.6725261211395264,1939
113,0.3791278302669525,1940
113,0.9903589487075806,1941
113,0.989794909954071,1942
113,1.046736717224121,1943
113,1.0813902616500854,1944
113,1.0349434614181519,1945
113,1.030989408493042,1946
113,1.1514151096343994,1947
113,1.2961918115615845,1948
113,1.365486979484558,1949
113,1.3333981037139893,1950
113,1.3221038579940796,1951
113,1.3259488344192505,1952
113,1.4297435283660889,1953
113,1.5343587398529053,1954
113,1.5337321758270264,1955
113,1.4867937564849854,1956
113,1.3518388271331787,1957
113,1.3448021411895752,1958
113,1.2470701932907104,1959
113,1.1938623189926147,1960
113,1.1420048475265503,1961
113,0.964004635810852,1962
113,0.8110015988349915,1963
114,0.7173831462860107,1964
114,1.0071743726730347,1965
114,0.9255723357200623,1966
114,0.8614711761474609,1967
114,0.8916348218917847,1968
114,0.8629818558692932,1969
114,0.8602961897850037,1970
114,0.864028811454773,1971
114,0.7460125684738159,1972
114,0.7423895001411438,1973
114,0.73333740234375,1974
114,0.6488807797431946,1975
114,0.5525912046432495,1976
114,0.39804351329803467,1977
114,0.2601563334465027,1978
114,0.25416937470436096,1979
114,0.23895032703876495,1980
114,0.20761319994926453,1981
114,0.2216382622718811,1982
114,0.10751227289438248,1983
114,-0.05689531937241554,1984
114,-0.14648926258087158,1985
114,-0.23605476319789886,1986
115,-0.19781213998794556,1987
115,1.0719183683395386,1988
115,1.0564168691635132,1989
115,0.9986903071403503,1990
115,1.0046988725662231,1991
115,1.015075445175171,1992
115,0.9995887875556946,1993
115,0.9375183582305908,1994
115,0.899673342704773,1995
115,0.9598143696784973,1996
115,1.1134907007217407,1997
115,1.26825749874115,1998
115,1.4578254222869873,1999
115,1.4781566858291626,2000
115,1.3307005167007446,2001
115,1.2328277826309204,2002
115,1.3080134391784668,2003
115,1.4752250909805298,2004
115,1.6409997940063477,2005
115,1.7402180433273315,2006
115,1.8736685514450073,2007
115,2.0873968601226807,2008
115,2.110314130783081,2009
115,1.9682869911193848,2010
115,1.905824065208435,2011
115,1.997902512550354,2012
115,1.9566899538040161,2013
115,1.7542755603790283,2014
115,1.636216163635254,2015
115,1.504586935043335,2016
115,1.4011945724487305,2017
115,1.4608107805252075,2018
115,1.4857901334762573,2019
115,1.5063551664352417,2020
115,1.5981272459030151,2021
115,1.7219462394714355,2022
115,1.7278869152069092,2023
115,1.8015174865722656,2024
115,2.0584514141082764,2025
115,2.3033699989318848,2026
115,2.581259250640869,2027
115,2.7872862815856934,2028
115,2.971219539642334,2029
115,3.1509039402008057,2030
115,3.240351915359497,2031
115,3.185431957244873,2032
115,3.0239098072052,2033
115,2.9524171352386475,2034
115,3.0241641998291016,2035
115,3.076622724533081,2036
115,3.0435986518859863,2037
115,3.0685479640960693,2038
116,3.0306661128997803,2039
116,0.9856473207473755,2040
116,1.0048779249191284,2041
116,0.9569934010505676,2042
116,0.9041285514831543,2043
116,0.7737252712249756,2044
116,0.5811601877212524,2045
116,0.5187340974807739,2046
116,0.46273285150527954,2047
116,0.3773687183856964,2048
