Episode,Return,Timestep
1,17.479539528489113
2,11.529067695140839
3,26.58692467212677
4,6.470845013856888
5,7.846721666865051
6,24.124429881572723
7,6.221852749586105
8,5.768046855926514
9,10.75709444284439
10,6.218665648251772
11,46.87024986743927
12,3.6751528680324554
13,13.922054171562195
14,8.927866518497467
15,5.271044462919235
16,18.92993700504303
17,5.6699147671461105
18,9.758034373400733
19,14.971913941204548
20,4.984246611595154
21,25.074338674545288
22,59.534236788749695
23,13.487134397029877
24,15.720430314540863
25,13.636222369968891
26,49.404353737831116
27,6.0600778460502625
28,14.069560766220093
29,6.684437870979309
30,5.114077618345618
31,8.54410794377327
32,21.24574214220047
33,2.8916118666529655
34,11.799150168895721
35,12.166573529597372
36,9.523971237242222
37,17.23413974046707
38,12.435675375163555
39,11.03359141945839
40,22.710515616461635
41,9.436758935451508
42,13.813710547052324
43,11.048853866755962
44,5.480603045783937
45,7.70564991235733
46,21.668999135494232
47,28.233845055103302
48,12.36146068572998
49,8.905651316046715
50,10.35461312532425
51,6.046724230051041
52,12.850720286369324
53,5.680915235658176
54,10.807976342737675
55,18.711939870379865
56,14.96880628913641
57,5.017405390739441
58,9.34431803226471
59,23.88725459575653
60,6.665781676769257
61,8.826097786426544
62,6.495911635458469
63,7.194479718804359
64,4.208843294531107
65,6.8978161215782166
66,19.09338355064392
67,7.4793154913932085
68,11.404364883899689
69,10.8412942327559
70,12.47416689246893
71,5.551266906782985
72,15.960216581821442
73,4.197951957583427
74,9.018955621868372
75,16.001054733991623
76,42.63750633969903
77,6.035406244918704
78,8.065545059740543
79,12.647753030061722
80,13.873004749417305
81,10.276084840297699
82,6.8566845916211605
83,6.842647433280945
84,11.407323718070984
85,7.5963213900104165
86,11.44195181131363
87,7.054466426372528
88,5.482878684997559
89,8.645404122769833
90,14.819367472082376
91,13.27658063173294
92,8.735242128372192
93,7.700680263340473
94,6.170969430357218
95,6.183550298213959
96,11.84097823407501
97,4.9287660494446754
98,13.825094725936651
99,13.634122122952249
100,6.814694598317146
101,10.58777916431427
102,4.177590423263609
103,8.8058774251258
104,9.429167568683624
105,8.385377883911133
106,7.516629666090012
107,41.86531811952591
108,6.511758958455175
109,9.96211552619934
110,5.992162726819515
111,5.6102659702301025
1,12.235274493694305
2,5.099924087524414
3,6.83700343221426
4,7.134740229463205
5,8.114975959062576
6,4.711028277873993
7,6.587979316711426
8,12.187750041484833
9,41.762356638908386
10,20.3679860830307
11,13.300637066364288
12,9.108520598616451
13,3.677740752696991
14,24.25668841600418
15,4.570406943559647
16,4.789946123957634
17,19.807079792022705
18,10.949874222278595
19,16.04485958814621
20,8.73952440393623
21,12.078658983111382
22,6.2936412543058395
23,21.451604783535004
24,17.35067965835333
25,5.307985823601484
26,24.65673452615738
27,18.2240709066391
28,6.334600595757365
29,9.11435455083847
30,4.670837163925171
31,9.676057815551758
32,8.937843203544617
33,55.06680315732956
34,21.8056583404541
35,12.494344651699066
36,2.909684419631958
37,8.441547513008118
38,8.416434165090322
39,12.607611298561096
40,4.944333836436272
41,7.302380695939064
42,5.371571660041809
43,7.211945481598377
44,9.414361905772239
45,8.522508681751788
46,4.226588394492865
47,7.720907986164093
48,5.0457919761538506
49,8.09128475189209
50,7.429886013269424
51,9.54144412279129
52,11.800027847290039
53,18.740210235118866
54,6.892585087567568
55,15.749372780323029
56,7.799280803417787
57,5.262577474117279
58,8.391403406858444
59,14.508524119853973
60,4.857510022819042
61,7.947127748280764
62,31.538385450839996
63,8.431445717811584
64,5.72024804353714
65,19.279848724603653
66,6.04942911863327
67,11.351432085037231
68,11.091660380363464
69,6.747904255986214
70,18.722111701965332
71,19.45189966261387
72,8.203500419855118
73,4.622272789478302
74,13.080486238002777
75,14.150165311992168
76,5.3853321969509125
77,4.927791804075241
78,22.94918406009674
79,4.608349561691284
80,24.467912018299103
81,10.718076825141907
82,7.22423853399232
83,4.007016368210316
84,19.081249378621578
85,6.869940459728241
86,11.327110052108765
87,4.024055898189545
88,7.576522866263986
89,9.390764474868774
90,12.382756024599075
91,7.098799958825111
92,12.082863748073578
93,9.874983131885529
94,6.775040984153748
95,7.218854456674308
96,7.720285952091217
97,18.337570190429688
98,11.207381784915924
99,7.294351786375046
100,14.543093144893646
101,6.93778086733073
102,8.585991114377975
103,16.53213256597519
104,7.926351547241211
105,4.604196380823851
106,20.45533460378647
107,6.583916753530502
108,7.987316608428955
109,12.8161940574646
110,10.964847847819328
111,17.481312088668346
112,11.703446388244629
113,41.84906196594238
114,11.036577761173248
115,6.8320940267294645
116,25.792573168873787
117,20.211913285776973
118,12.763022929430008
119,11.320844732224941
120,8.929617630317807
121,9.221220336854458
122,29.538705497980118
123,15.999806463718414
1,5.215557426214218
2,6.749401330947876
3,14.141808360815048
4,20.16865663230419
5,14.281786441802979
6,12.275567024946213
7,26.57487097196281
8,3.2325216941535473
9,7.127525568008423
10,9.51538696885109
11,3.7968455851078033
12,18.594247192144394
13,7.087152868509293
14,12.954458951950073
15,6.393854271620512
16,5.587873701937497
17,9.622371405363083
18,7.472886145114899
19,16.79210376739502
20,33.83944195508957
21,3.626583844423294
22,8.823787898123555
23,8.671380694955587
24,8.562387555837631
25,7.731854438781738
26,13.254947662353516
27,5.467521965503693
28,16.02926081418991
29,19.650309316813946
30,11.998521554283798
31,6.453180968761444
32,8.212133884429932
33,6.507175832986832
34,13.219500541687012
35,8.284297253005207
36,13.109359741210938
37,27.59825563430786
38,7.356870895251632
39,14.692633986473083
40,4.418101776391268
41,8.056544452905655
42,9.825179666280746
43,6.388035844545811
44,5.819439049810171
45,5.827344059944153
46,12.213040977716446
47,6.742691189050674
48,8.976861581206322
49,25.037152111530304
50,7.412224607542157
51,7.644233226776123
52,9.804113507270813
53,9.835474468767643
54,4.983638614416122
55,8.189092099666595
56,15.286408841609955
57,31.90844562649727
58,3.2860227078199387
59,12.031346261501312
60,4.646207511425018
61,8.286178395152092
62,14.776568569039227
63,15.993898406624794
64,5.280765146017075
65,4.067371055483818
66,18.826976597309113
67,13.517738252878189
68,16.588576763868332
69,15.910304188728333
70,6.932875316590071
71,17.348596930503845
72,77.56367516517639
73,25.930765748023987
74,11.754048645496368
75,11.69180652499199
76,8.838817030191422
77,9.144341468811035
78,13.23201471567154
79,21.468995690345764
80,10.147167466580868
81,8.916641771793365
82,17.827379286289215
83,8.213556036353111
84,80.96842384338379
85,13.57127696275711
86,10.00555451028049
87,13.06850603222847
88,10.17298730649054
89,12.102196097373962
90,7.864733301103115
91,8.316118478775024
92,8.115554958581924
93,15.90161246061325
94,11.115060277283192
95,8.683970421552658
96,6.650472588837147
97,4.586132068186998
98,9.675776390358806
99,9.765095353126526
100,20.720061004161835
101,9.13010048866272
102,3.8502489775419235
103,14.884121835231781
104,4.285113841295242
105,35.12969624996185
106,7.791712433099747
107,23.335195064544678
108,25.579784214496613
109,8.59003009274602
110,7.354349359869957
111,4.160975448787212
112,17.222331300377846
113,4.217334076762199
1,61.85260057449341
2,6.237370640039444
3,30.4676074385643
4,12.16408520936966
5,26.41173219680786
6,71.6583701968193
7,9.88202279806137
8,20.617662250995636
9,5.179809026420116
10,8.342913776636124
11,10.338897347450256
12,17.890536725521088
13,10.179424341768026
14,6.11005468852818
15,26.143207728862762
16,7.877667665481567
17,15.737499237060547
18,6.431207034736872
19,8.595391847193241
20,7.324890315532684
21,5.953725636936724
22,6.372941792011261
23,14.609370960388333
24,8.351300865411758
25,6.061480145901442
26,7.0595457553863525
27,9.085959665477276
28,6.476347649469972
29,24.943540334701538
30,3.8817075975239277
31,12.598966717720032
32,9.150763157755136
33,23.114333510398865
34,36.720546901226044
35,9.169270008802414
36,8.264892011880875
37,4.378569722175598
38,6.453131847083569
39,29.101804673671722
40,6.690296113491058
41,14.124912440776825
42,12.815031662583351
43,5.607360541820526
44,3.9616422578692436
45,8.137400209903717
46,5.990808874368668
47,5.1305566150695086
48,6.699440345168114
49,14.643228530883789
50,6.206152766942978
51,8.70575087191537
52,10.218915469944477
53,11.828472793102264
54,4.695363149046898
55,4.560415148735046
56,10.007593665271997
57,9.251144826412201
58,4.803217649459839
59,9.574417099356651
60,16.538390904664993
61,4.443385988473892
62,4.831873148679733
63,11.484414279460907
64,10.483960481360555
65,13.630135715007782
66,8.775397956371307
67,8.20045393705368
68,13.419884860515594
69,29.508192021399736
70,5.195939153432846
71,5.865361787378788
72,26.938272207975388
73,5.781927287578583
74,7.0308127999305725
75,17.685510233044624
76,4.363367795944214
77,6.307034432888031
78,31.920167684555054
79,9.820762299001217
80,10.14962100982666
81,5.844553589820862
82,7.2545030154287815
83,12.352291032671928
84,6.133926431648433
85,5.349603235721588
86,29.581825256347656
87,25.793614596128464
88,8.554802717640996
89,15.750606648623943
90,15.385151088237762
91,5.742499381303787
92,17.044260136783123
93,7.462015897035599
94,6.681150890886784
95,6.272418335080147
96,6.647180777043104
97,7.887566447257996
98,13.285344243049622
99,20.723186671733856
100,9.729025959968567
101,7.9854061007499695
102,42.0639808177948
103,7.366277635097504
104,6.6983563005924225
105,6.099235363304615
106,5.555838447064161
107,7.067281007766724
108,18.43290913105011
109,10.799641460180283
110,14.55945211648941
111,23.054150998592377
112,12.0957852602005
113,39.14748179912567
114,3.442036971449852
115,14.046770095825195
1,9.65440946817398
2,18.409245014190674
3,8.183902658522129
4,5.064479440450668
5,7.322901658713818
6,18.597805231809616
7,7.243034929037094
8,6.532392740249634
9,14.298404574394226
10,4.523483067750931
11,5.301333904266357
12,9.861837029457092
13,9.511490821838379
14,12.027800500392914
15,11.639885544776917
16,8.23162691295147
17,15.133579641580582
18,10.260775446891785
19,5.854243040084839
20,20.32551482319832
21,5.984469294548035
22,4.390887990768533
23,5.507832154631615
24,5.329710632562637
25,7.007525824359618
26,26.553142189979553
27,9.156574081629515
28,5.76872418820858
29,14.05346605181694
30,8.06463885307312
31,7.124897509813309
32,4.087111052125692
33,5.154699977487326
34,3.243416752666235
35,5.281918674707413
36,8.064777374267578
37,6.647497281432152
38,8.04484008718282
39,8.622865438461304
40,6.715091407299042
41,8.062993375584483
42,15.080411970615387
43,14.590323328971863
44,161.0932937860489
45,6.07479041069746
46,25.738670647144318
47,8.378039047354832
48,9.37395030260086
49,13.195657879114151
50,12.552638195455074
51,33.79994773864746
52,9.137110643088818
53,7.336739480495453
54,48.233765691518784
55,7.558242678642273
56,4.846643477678299
57,29.358325481414795
58,6.431974679231644
59,20.420840171165764
60,15.441973626613617
61,6.628072202205658
62,10.212173879146576
63,5.13761693239212
64,7.322143450379372
65,26.4879040569067
66,8.20233902335167
67,9.833955228328705
68,4.796446919441223
69,34.09830278158188
70,7.338961330242455
71,17.176800906658173
72,11.753811717033386
73,5.797020211815834
74,5.17888306453824
75,6.394966006278992
76,10.511413671076298
77,6.8361242529936135
78,7.4913002997636795
79,14.790247917175293
80,15.71458674222231
81,8.244109570980072
82,38.228661239147186
83,9.26519175618887
84,7.430767059326172
85,45.77118128538132
86,9.117828309419565
87,7.801844373345375
88,10.263440132141113
89,4.844982862472534
90,6.758667465299368
91,7.368928354233503
92,29.865632951259613
93,13.381198406219482
94,13.998014390468597
95,22.7509104013443
96,8.388666272163391
97,8.703242361545563
98,12.307647049427032
99,4.488284349441528
100,3.8979397118091583
101,6.477173030376434
102,6.031497091054916
103,15.688786745071411
104,4.890204578638077
105,9.495352713391185
106,80.66316622495651
107,9.71927547454834
108,15.932097017765045
109,8.437188927084208
110,9.756055772304535
111,17.01317421346903
112,8.086650438606739
113,16.546839654445648
114,10.349984407424927
115,6.1422982811927795
116,6.515064030885696
