EpisodeID,Return
1,5.925600323177217
2,5.963394921545138
3,12.419315183973689
4,10.842693258448524
5,10.303021830266026
6,5.949178366232025
7,21.671509001857824
8,8.664648908453715
9,13.356077459990718
10,18.441815837572346
11,21.924927881114044
12,7.373774356402874
13,28.276461109894118
14,16.63196427680703
15,5.728485513537614
16,25.836195562259082
17,17.361920046155426
18,11.335088204984116
19,6.0565975107025505
20,7.59284833582648
21,5.728516347653283
22,16.412161844228635
23,14.775395116242581
24,18.476843003647733
25,20.979716778776332
26,6.046502831569658
27,10.775150585040732
28,15.116109353184923
29,8.940437517789928
30,10.40772371256954
31,7.77244883011161
32,11.143983377950434
33,6.045281181514497
34,15.678616983075543
35,8.519420192267352
36,12.62765041343607
37,6.168154540716817
38,26.261415080707234
39,11.192879186256873
40,6.965309185360968
41,10.801331851607067
42,11.59467632930042
43,10.917656069249583
44,11.973943494090436
45,11.126168818301922
46,44.92287675397576
47,8.962888249480413
48,10.324217898156338
49,9.140361531733097
50,22.90135076635146
51,6.164268642987959
52,14.878066048858035
53,10.003136570856977
54,6.006993671553387
55,10.031282065136503
56,6.728177517356547
57,46.47965377774982
58,10.641261938025778
59,6.156343200606154
60,10.954668261702535
61,12.151123497496103
62,10.129054039217777
63,16.873793352421988
64,8.897770542892307
65,20.26383665430838
66,15.966706083249662
67,10.53025847044123
68,4.303183079079469
69,10.305080720695777
70,27.579817902709117
71,6.241943312750874
72,11.583229128163731
73,12.08281288224554
74,10.650432673850032
75,5.641073886917988
76,33.19334267025491
77,23.085204303706945
78,13.982624897945037
79,12.89848464261374
80,7.066898858175461
81,27.42135822270223
82,6.132004654946016
83,5.963660260831432
84,5.970340959444736
85,6.0801616604747
86,7.114162282890881
87,40.57364279518373
88,12.162515267907347
89,7.220996922347689
90,14.6843610282966
91,10.054756761686093
92,6.204268209804109
93,6.323939003183578
94,13.843195728768098
95,5.67882602531457
96,6.680861701776596
97,10.278690351048523
98,5.933684172553418
99,11.752008550136097
100,13.187130071721228
