3.025749358386904397e+00 1.296526418314718754e+01 6.740931522145082511e+00 1.241769494298580634e+00
3.025749358386904397e+00 1.296526418314718754e+01 6.740931522145082511e+00 1.241769494298580634e+00
3.025749358386904397e+00 1.296526418314718754e+01 6.740931522145082511e+00 1.241769494298580634e+00
3.025749358386904397e+00 1.296526418314718754e+01 6.740931522145082511e+00 1.241769494298580634e+00
3.025749358386904397e+00 1.296526418314718754e+01 6.740931522145082511e+00 1.241769494298580634e+00
3.025749358386904397e+00 1.296526418314718754e+01 6.740931522145082511e+00 1.241769494298580634e+00
3.025749358386904397e+00 1.296526418314718754e+01 6.740931522145082511e+00 1.241769494298580634e+00
3.025749358386904397e+00 1.296526418314718754e+01 6.740931522145082511e+00 1.241769494298580634e+00
3.025749358386904397e+00 1.296526418314718754e+01 6.740931522145082511e+00 1.241769494298580634e+00
3.025749358386904397e+00 1.296526418314718754e+01 6.740931522145082511e+00 1.241769494298580634e+00
3.025749358386904397e+00 1.296526418314718754e+01 6.740931522145082511e+00 1.241769494298580634e+00
3.025749358386904397e+00 1.296526418314718754e+01 6.740931522145082511e+00 1.241769494298580634e+00
3.025749358386904397e+00 1.296526418314718754e+01 6.740931522145082511e+00 1.241769494298580634e+00
3.025749358386904397e+00 1.296526418314718754e+01 6.740931522145082511e+00 1.241769494298580634e+00
3.025749358386904397e+00 1.296526418314718754e+01 6.740931522145082511e+00 1.241769494298580634e+00
3.025749358386904397e+00 1.296526418314718754e+01 6.740931522145082511e+00 1.241769494298580634e+00
3.025749358386904397e+00 1.296526418314718754e+01 6.740931522145082511e+00 1.241769494298580634e+00
3.025749358386904397e+00 1.296526418314718754e+01 6.740931522145082511e+00 1.241769494298580634e+00
3.025749358386904397e+00 1.296526418314718754e+01 6.740931522145082511e+00 1.241769494298580634e+00
3.025749358386904397e+00 1.296526418314718754e+01 6.740931522145082511e+00 1.241769494298580634e+00
